5.000000000000002359e-02 8.743126688477510019e-05 1.310814530533322558e-03
1.000000000000000472e-01 8.314903598909915159e-04 9.922855792855707693e-04
1.499999999999999944e-01 2.651236517946633890e-03 1.154308958509390288e-03
2.000000000000000944e-01 4.079099195745308944e-03 1.224556244591007079e-03
2.500000000000000000e-01 5.847934234629668070e-03 9.929449042011709130e-04
2.999999999999999889e-01 4.512230845076996115e-03 1.284863326121182597e-03
3.499999999999998113e-01 6.575427495356358371e-03 1.341890360594214307e-03
4.000000000000001887e-01 7.860112361219072710e-03 1.210638640296781083e-03
4.499999999999997891e-01 1.004617689642453224e-02 1.451262728667030615e-03
5.000000000000000000e-01 1.059629802521788906e-02 1.117035443750768716e-03
5.500000000000000444e-01 1.111279484374437000e-02 1.540085930641878946e-03
5.999999999999998668e-01 1.292929787982086479e-02 1.345341322536464665e-03
6.500000000000001332e-01 1.505250778007913293e-02 1.342081982850384372e-03
6.999999999999997335e-01 1.587250279458853747e-02 1.628597463882313062e-03
7.500000000000000000e-01 1.766523134992292049e-02 1.773270567515415055e-03
8.000000000000001554e-01 1.892960522126877626e-02 1.214202882886305677e-03
8.499999999999998668e-01 1.967139385213570110e-02 1.997671247044746981e-03
9.000000000000000222e-01 2.099598484142016844e-02 1.530168852293833752e-03
9.499999999999996225e-01 2.427226507005869963e-02 1.617591029840293902e-03
1.000000000000000000e+00 2.556882400508530065e-02 1.399253941985773931e-03
