5.000000000000002359e-02 3.649629727002168608e-05 3.437456969875022419e-05
1.000000000000000472e-01 2.015990656225047232e-04 6.712637773549242866e-05
1.499999999999999944e-01 4.838828101921119535e-04 1.011768502072084232e-04
2.000000000000000944e-01 9.087079681110480592e-04 1.336010587822178191e-04
2.500000000000000000e-01 1.440952467942300695e-03 1.687976682445260833e-04
2.999999999999999889e-01 2.116631632255784080e-03 2.060895394755173299e-04
3.499999999999998113e-01 2.924169364727268686e-03 2.330278944748745298e-04
4.000000000000001887e-01 3.823149216796714774e-03 2.725375691577611734e-04
4.499999999999997891e-01 4.903236203615460483e-03 3.050344070690082015e-04
5.000000000000000000e-01 6.092643291417523810e-03 3.416426717765067293e-04
5.500000000000000444e-01 7.284544201075653092e-03 4.869214463557466573e-04
5.999999999999998668e-01 8.724108465263166051e-03 5.449444308413363544e-04
6.500000000000001332e-01 1.031500649982245235e-02 5.959664523207125345e-04
6.999999999999997335e-01 1.202855714314476562e-02 6.548495834278694836e-04
7.500000000000000000e-01 1.385554733515453364e-02 7.053064704535373999e-04
8.000000000000001554e-01 1.585575888195684888e-02 7.392304393646064462e-04
8.499999999999998668e-01 1.805526716618069752e-02 8.156565886501425172e-04
9.000000000000000222e-01 2.030341817923858594e-02 8.705157124390610702e-04
9.499999999999996225e-01 2.272189599982253963e-02 8.914268374341118148e-04
1.000000000000000000e+00 2.531940475800018714e-02 9.712255921609674360e-04
