5.000000000000002359e-02 7.685798245430993866e-03 3.789732726392450071e-04
1.000000000000000472e-01 7.652816452700662332e-03 3.692102199104911001e-04
1.499999999999999944e-01 7.661048886545022453e-03 3.688197575714162913e-04
2.000000000000000944e-01 7.683509585254765482e-03 3.614448228645883074e-04
2.500000000000000000e-01 7.691257139352977897e-03 3.629276857864989622e-04
2.999999999999999889e-01 7.706812109012398451e-03 3.688462047710242865e-04
3.499999999999998113e-01 7.732358664684025641e-03 3.691032917500640690e-04
4.000000000000001887e-01 7.752907816447948165e-03 3.673973136912726573e-04
4.499999999999997891e-01 7.759358995066297643e-03 3.692008625560225135e-04
5.000000000000000000e-01 7.820617337096918281e-03 3.594171515421530714e-04
5.500000000000000444e-01 7.993015142605077936e-03 4.422589802185336811e-04
5.999999999999998668e-01 8.008326691178969600e-03 4.398778263093638453e-04
6.500000000000001332e-01 8.079815160936264923e-03 4.462629199052728368e-04
6.999999999999997335e-01 8.067859882833251089e-03 4.448816020160406949e-04
7.500000000000000000e-01 8.137330377970328557e-03 4.517593269277321555e-04
8.000000000000001554e-01 8.191701754012046394e-03 4.534077207395993138e-04
8.499999999999998668e-01 8.231957280504924659e-03 4.475681887218825985e-04
9.000000000000000222e-01 8.305015006104018993e-03 4.574660475415862960e-04
9.499999999999996225e-01 8.373033000338456905e-03 4.617261354616752195e-04
1.000000000000000000e+00 8.445395808953025732e-03 4.749394074468829964e-04
