0.000000000000000000e+00 0.000000000000000000e+00
5.000000000000000104e-03 -2.853976738367138520e-03
1.000000000000000021e-02 -5.673419535449157960e-03
1.499999999999999944e-02 -8.451421315328633624e-03
2.000000000000000042e-02 -1.117538854134938163e-02
2.500000000000000139e-02 -1.387614052614413382e-02
2.999999999999999889e-02 -1.654369683169984798e-02
3.500000000000000333e-02 -1.917418800891354524e-02
4.000000000000000083e-02 -2.177132697598803401e-02
4.500000000000000527e-02 -2.433908827384366827e-02
5.000000000000000278e-02 -2.686506244184685629e-02
5.499999999999999334e-02 -2.936910897305006554e-02
5.999999999999999778e-02 -3.184723674940034138e-02
6.500000000000000222e-02 -3.429068063146955420e-02
7.000000000000000666e-02 -3.671034475381163703e-02
7.499999999999999722e-02 -3.910058998351037540e-02
8.000000000000000167e-02 -4.147083077102411280e-02
8.500000000000000611e-02 -4.382574018146287442e-02
9.000000000000001055e-02 -4.614861204052422144e-02
9.500000000000000111e-02 -4.846191048372242016e-02
1.000000000000000056e-01 -5.075046651246622326e-02
1.050000000000000100e-01 -5.301412036921396981e-02
1.099999999999999867e-01 -5.526213700265981271e-02
1.149999999999999911e-01 -5.749426839646010895e-02
1.199999999999999956e-01 -5.970349660674812570e-02
1.250000000000000000e-01 -6.189102176066912236e-02
1.300000000000000044e-01 -6.404719116706722448e-02
1.350000000000000089e-01 -6.617636232140000629e-02
1.400000000000000133e-01 -6.828425853844392879e-02
1.450000000000000178e-01 -7.036082770002630160e-02
1.499999999999999944e-01 -7.241517116230418438e-02
1.549999999999999989e-01 -7.443204966975754122e-02
1.600000000000000033e-01 -7.642227501343681895e-02
1.650000000000000078e-01 -7.838901623475552638e-02
1.700000000000000122e-01 -8.033927611265823110e-02
1.750000000000000167e-01 -8.227100730739157763e-02
1.800000000000000211e-01 -8.418297764732522726e-02
1.849999999999999978e-01 -8.608013171225514792e-02
1.900000000000000022e-01 -8.797134064855714752e-02
1.950000000000000067e-01 -8.984085128812772936e-02
2.000000000000000111e-01 -9.169345333256884167e-02
2.050000000000000155e-01 -9.353611606488088093e-02
2.100000000000000200e-01 -9.536196621794842954e-02
2.150000000000000244e-01 -9.718449687374582091e-02
2.199999999999999734e-01 -9.898781439010423400e-02
2.249999999999999778e-01 -1.007859538036634250e-01
2.299999999999999822e-01 -1.025609515114197096e-01
2.349999999999999867e-01 -1.043390500378727354e-01
2.399999999999999911e-01 -1.060899877254858625e-01
2.449999999999999956e-01 -1.078381557457910728e-01
2.500000000000000000e-01 -1.095607113860062182e-01
2.550000000000000044e-01 -1.112686275598558511e-01
2.600000000000000089e-01 -1.129603122053626785e-01
2.650000000000000133e-01 -1.146339648418946977e-01
2.700000000000000178e-01 -1.162948579765755580e-01
2.750000000000000222e-01 -1.179427269095995739e-01
2.800000000000000266e-01 -1.195738368313314925e-01
2.850000000000000311e-01 -1.212039869242147738e-01
2.900000000000000355e-01 -1.228320996221134859e-01
2.950000000000000400e-01 -1.244566331276232840e-01
2.999999999999999889e-01 -1.260710955388117671e-01
3.049999999999999933e-01 -1.276640010045341778e-01
3.099999999999999978e-01 -1.292454855197315289e-01
3.150000000000000022e-01 -1.308126101119653217e-01
3.200000000000000067e-01 -1.323577234240147227e-01
3.250000000000000111e-01 -1.338910856280907669e-01
3.300000000000000155e-01 -1.354090093527652860e-01
3.350000000000000200e-01 -1.369331837271655361e-01
3.400000000000000244e-01 -1.384585576849603483e-01
3.450000000000000289e-01 -1.399666865916900094e-01
3.500000000000000333e-01 -1.414647222013190875e-01
3.550000000000000377e-01 -1.429442565582088043e-01
3.600000000000000422e-01 -1.444248600269120164e-01
3.649999999999999911e-01 -1.458864427658038698e-01
3.699999999999999956e-01 -1.473295567980529297e-01
3.750000000000000000e-01 -1.487600001766614388e-01
3.800000000000000044e-01 -1.501786097888018479e-01
3.850000000000000089e-01 -1.515897111654507246e-01
3.900000000000000133e-01 -1.529892045041560122e-01
3.950000000000000178e-01 -1.543948280150523877e-01
4.000000000000000222e-01 -1.557959638331694319e-01
4.050000000000000266e-01 -1.571966792918740585e-01
4.100000000000000311e-01 -1.585905464662255016e-01
4.150000000000000355e-01 -1.599821495437534491e-01
4.200000000000000400e-01 -1.613752034376273736e-01
4.250000000000000444e-01 -1.627549666976077503e-01
4.300000000000000488e-01 -1.641248313154569927e-01
4.350000000000000533e-01 -1.655049491801310613e-01
4.399999999999999467e-01 -1.668774782206117746e-01
4.449999999999999512e-01 -1.682248504271001976e-01
4.499999999999999556e-01 -1.695710156706380090e-01
4.549999999999999600e-01 -1.709124470535719476e-01
4.599999999999999645e-01 -1.722385948501533037e-01
4.649999999999999689e-01 -1.735725504667612329e-01
4.699999999999999734e-01 -1.749043296826363336e-01
4.749999999999999778e-01 -1.762379145844382156e-01
4.799999999999999822e-01 -1.775615402502340456e-01
4.849999999999999867e-01 -1.788691566682447109e-01
4.899999999999999911e-01 -1.801763758558846129e-01
4.949999999999999956e-01 -1.814803081539988761e-01
5.000000000000000000e-01 -1.827897927690096125e-01
5.050000000000000044e-01 -1.840938916667981540e-01
5.100000000000000089e-01 -1.853782680739775035e-01
5.150000000000000133e-01 -1.866395004779894673e-01
5.200000000000000178e-01 -1.879032189290851251e-01
5.250000000000000222e-01 -1.891621707688194987e-01
5.300000000000000266e-01 -1.904067825493189203e-01
5.350000000000000311e-01 -1.916462497561687295e-01
5.400000000000000355e-01 -1.928895600860942028e-01
5.450000000000000400e-01 -1.941193803355147629e-01
5.500000000000000444e-01 -1.953419211850400405e-01
5.550000000000000488e-01 -1.965534917661801162e-01
5.600000000000000533e-01 -1.977701041644347457e-01
5.650000000000000577e-01 -1.989921176030649552e-01
5.700000000000000622e-01 -2.002168519337770292e-01
5.750000000000000666e-01 -2.014211555052831670e-01
5.800000000000000711e-01 -2.026335222894762034e-01
5.850000000000000755e-01 -2.038462765676901933e-01
5.900000000000000799e-01 -2.050585530553014069e-01
5.950000000000000844e-01 -2.062467288656063269e-01
5.999999999999999778e-01 -2.074289949596847260e-01
6.049999999999999822e-01 -2.086038421601960069e-01
6.099999999999999867e-01 -2.097777221760733501e-01
6.149999999999999911e-01 -2.109514656040488989e-01
6.199999999999999956e-01 -2.121407800812981637e-01
6.250000000000000000e-01 -2.133175675874732224e-01
6.300000000000000044e-01 -2.144955397986967049e-01
6.350000000000000089e-01 -2.156675234364489324e-01
6.400000000000000133e-01 -2.168189576539607810e-01
6.450000000000000178e-01 -2.179844644500501805e-01
6.500000000000000222e-01 -2.191484884587845128e-01
6.550000000000000266e-01 -2.203089616968404163e-01
6.600000000000000311e-01 -2.214667900464521721e-01
6.650000000000000355e-01 -2.226331344250711275e-01
6.700000000000000400e-01 -2.237909710663617269e-01
6.750000000000000444e-01 -2.249359085961195881e-01
6.800000000000000488e-01 -2.260794629468867722e-01
6.850000000000000533e-01 -2.272184012028929390e-01
6.900000000000000577e-01 -2.283447342397948443e-01
6.950000000000000622e-01 -2.294677977796543422e-01
7.000000000000000666e-01 -2.305934669006307891e-01
7.050000000000000711e-01 -2.317108553944495497e-01
7.100000000000000755e-01 -2.328202516150934265e-01
7.150000000000000799e-01 -2.339349160051057419e-01
7.200000000000000844e-01 -2.350522405344838417e-01
7.249999999999999778e-01 -2.361579380772531878e-01
7.299999999999999822e-01 -2.372668308993652608e-01
7.349999999999999867e-01 -2.383714696069978989e-01
7.399999999999999911e-01 -2.394736486937512343e-01
7.449999999999999956e-01 -2.405860986614273556e-01
7.500000000000000000e-01 -2.417111690214552300e-01
7.550000000000000044e-01 -2.428242283319921035e-01
7.600000000000000089e-01 -2.439282989679552593e-01
7.650000000000000133e-01 -2.450175047783871296e-01
7.700000000000000178e-01 -2.460873567061968303e-01
7.750000000000000222e-01 -2.471589264441734768e-01
7.800000000000000266e-01 -2.482434534119410396e-01
7.850000000000000311e-01 -2.493300732371410700e-01
7.900000000000000355e-01 -2.504212526825455587e-01
7.950000000000000400e-01 -2.515145279419986335e-01
8.000000000000000444e-01 -2.525981872444924559e-01
8.050000000000000488e-01 -2.536849765494098574e-01
8.100000000000000533e-01 -2.547631991093239900e-01
8.150000000000000577e-01 -2.558363818098604026e-01
8.200000000000000622e-01 -2.568960722470533531e-01
8.250000000000000666e-01 -2.579703335456933200e-01
8.300000000000000711e-01 -2.590351774031895982e-01
8.350000000000000755e-01 -2.601211068191035536e-01
8.400000000000000799e-01 -2.612105279558132320e-01
8.450000000000000844e-01 -2.623029880981324613e-01
8.500000000000000888e-01 -2.634007209089654356e-01
8.550000000000000933e-01 -2.644988582023495849e-01
8.600000000000000977e-01 -2.655886085496361737e-01
8.650000000000001021e-01 -2.666877536988302988e-01
8.700000000000001066e-01 -2.677814493836181975e-01
8.750000000000001110e-01 -2.688635100573339431e-01
8.799999999999998934e-01 -2.699547157895063609e-01
8.850000000000000089e-01 -2.710428469146354269e-01
8.899999999999999023e-01 -2.721267985959626157e-01
8.950000000000000178e-01 -2.732073733223804868e-01
8.999999999999999112e-01 -2.743117651085504316e-01
9.050000000000000266e-01 -2.754264257659961301e-01
9.099999999999999201e-01 -2.765346246101032524e-01
9.150000000000000355e-01 -2.776498601509319042e-01
9.199999999999999289e-01 -2.787606897463723032e-01
9.250000000000000444e-01 -2.798743786968459490e-01
9.299999999999999378e-01 -2.810044217702686864e-01
9.350000000000000533e-01 -2.821370323807250169e-01
9.399999999999999467e-01 -2.832633508435108416e-01
9.450000000000000622e-01 -2.843927542962841892e-01
9.499999999999999556e-01 -2.855212755571364669e-01
9.550000000000000711e-01 -2.866478149235596740e-01
9.599999999999999645e-01 -2.877836581872797450e-01
9.650000000000000799e-01 -2.889206216840948804e-01
9.699999999999999734e-01 -2.900535733551656836e-01
9.750000000000000888e-01 -2.911836178811687548e-01
9.799999999999999822e-01 -2.923160038374040259e-01
9.850000000000000977e-01 -2.934482946360535416e-01
9.899999999999999911e-01 -2.945835801545235166e-01
9.950000000000001066e-01 -2.957180725503441021e-01
1.000000000000000000e+00 -2.968722077650897684e-01
1.005000000000000115e+00 -2.980202789417774056e-01
1.010000000000000009e+00 -2.991720075871374118e-01
1.015000000000000124e+00 -3.003338433211167890e-01
1.020000000000000018e+00 -3.014751794211855129e-01
1.025000000000000133e+00 -3.026198968305234271e-01
1.030000000000000027e+00 -3.037565247662778467e-01
1.035000000000000142e+00 -3.048946711197341730e-01
1.040000000000000036e+00 -3.060327584121540490e-01
1.044999999999999929e+00 -3.071597134743148660e-01
1.050000000000000044e+00 -3.082855171073043965e-01
1.054999999999999938e+00 -3.094153781100984490e-01
1.060000000000000053e+00 -3.105428537756560470e-01
1.064999999999999947e+00 -3.116670925684794646e-01
1.070000000000000062e+00 -3.128052888156494515e-01
1.074999999999999956e+00 -3.139663027592495270e-01
1.080000000000000071e+00 -3.151272294831447551e-01
1.084999999999999964e+00 -3.162797783324715062e-01
1.090000000000000080e+00 -3.174310084747058447e-01
1.094999999999999973e+00 -3.185804894648288643e-01
1.100000000000000089e+00 -3.197178826402926610e-01
1.104999999999999982e+00 -3.208769862090884439e-01
1.110000000000000098e+00 -3.220254003929129971e-01
1.114999999999999991e+00 -3.231661742469668641e-01
1.120000000000000107e+00 -3.242993157834379025e-01
1.125000000000000000e+00 -3.254268763790900687e-01
1.130000000000000115e+00 -3.265511417265011818e-01
1.135000000000000009e+00 -3.276850574606643418e-01
1.140000000000000124e+00 -3.288086673036914043e-01
1.145000000000000018e+00 -3.299392315766062622e-01
1.150000000000000133e+00 -3.310681161737772937e-01
1.155000000000000027e+00 -3.322032618928782433e-01
1.160000000000000142e+00 -3.333398606524677898e-01
1.165000000000000036e+00 -3.344710963730881392e-01
1.170000000000000151e+00 -3.355825048919086617e-01
1.175000000000000044e+00 -3.366904880865366767e-01
1.180000000000000160e+00 -3.378009794195749316e-01
1.185000000000000053e+00 -3.389131775461894369e-01
1.190000000000000169e+00 -3.400300060285009751e-01
1.195000000000000062e+00 -3.411339072498554836e-01
1.199999999999999956e+00 -3.422188843728070640e-01
1.205000000000000071e+00 -3.433082573293841921e-01
1.209999999999999964e+00 -3.444087497632612460e-01
1.214999999999999858e+00 -3.455094552320179813e-01
1.219999999999999973e+00 -3.466131860670649822e-01
1.225000000000000089e+00 -3.477120538283591800e-01
1.229999999999999982e+00 -3.488026131026521481e-01
1.234999999999999876e+00 -3.498950799649201970e-01
1.239999999999999991e+00 -3.509826699726739663e-01
1.245000000000000107e+00 -3.520794663979778805e-01
1.250000000000000000e+00 -3.531728451843251793e-01
1.254999999999999893e+00 -3.542609418530829335e-01
1.260000000000000009e+00 -3.553425235296401863e-01
1.265000000000000124e+00 -3.564291659054553141e-01
1.270000000000000018e+00 -3.575092438212835178e-01
1.274999999999999911e+00 -3.585903178113988843e-01
1.280000000000000027e+00 -3.596783918818793890e-01
1.285000000000000142e+00 -3.607452971115649443e-01
1.290000000000000036e+00 -3.618238063084642797e-01
1.294999999999999929e+00 -3.628931601989022204e-01
1.300000000000000044e+00 -3.639602315043797831e-01
1.305000000000000160e+00 -3.650241241074905219e-01
1.310000000000000053e+00 -3.660821015233245990e-01
1.314999999999999947e+00 -3.671456881810582495e-01
1.320000000000000062e+00 -3.682076770418019618e-01
1.325000000000000178e+00 -3.692737426746627305e-01
1.330000000000000071e+00 -3.703558327912141457e-01
1.334999999999999964e+00 -3.714323869495108621e-01
1.340000000000000080e+00 -3.725126734661004524e-01
1.345000000000000195e+00 -3.735898321438093084e-01
1.350000000000000089e+00 -3.746772291600662941e-01
1.354999999999999982e+00 -3.757555983340616912e-01
1.360000000000000098e+00 -3.768412186558666721e-01
1.365000000000000213e+00 -3.779231074722783079e-01
1.370000000000000107e+00 -3.790025728175721031e-01
1.375000000000000000e+00 -3.800870138838526313e-01
1.380000000000000115e+00 -3.811621499742322561e-01
1.385000000000000231e+00 -3.822285346531691386e-01
1.390000000000000124e+00 -3.832963434859510410e-01
1.395000000000000018e+00 -3.843617387048588463e-01
1.400000000000000133e+00 -3.854256283390017357e-01
1.405000000000000249e+00 -3.865040008483436318e-01
1.410000000000000142e+00 -3.875819580131877329e-01
1.415000000000000036e+00 -3.886587488648550748e-01
1.420000000000000151e+00 -3.897355328660651597e-01
1.425000000000000266e+00 -3.908321367494811405e-01
1.430000000000000160e+00 -3.919241281311085512e-01
1.435000000000000053e+00 -3.929972711153274512e-01
1.440000000000000169e+00 -3.940618460032026538e-01
1.444999999999999840e+00 -3.951345779108858536e-01
1.449999999999999956e+00 -3.962094657595943148e-01
1.454999999999999849e+00 -3.972841581540708655e-01
1.459999999999999964e+00 -3.983689743286196738e-01
1.464999999999999858e+00 -3.994648675913667901e-01
1.469999999999999973e+00 -4.005638716898148322e-01
1.474999999999999867e+00 -4.016541441072595253e-01
1.479999999999999982e+00 -4.027308652705837155e-01
1.484999999999999876e+00 -4.037945983676315964e-01
1.489999999999999991e+00 -4.048772155257206462e-01
1.494999999999999885e+00 -4.059469019295134373e-01
1.500000000000000000e+00 -4.070309409779988563e-01
1.504999999999999893e+00 -4.081127443480537242e-01
1.510000000000000009e+00 -4.091958933269149723e-01
1.514999999999999902e+00 -4.102680453223495061e-01
1.520000000000000018e+00 -4.113308573448112848e-01
1.524999999999999911e+00 -4.123867229551513858e-01
1.530000000000000027e+00 -4.134489587563582869e-01
1.534999999999999920e+00 -4.145239997786404063e-01
1.540000000000000036e+00 -4.156050737963081776e-01
1.544999999999999929e+00 -4.166822873093729007e-01
1.550000000000000044e+00 -4.177571580836050291e-01
1.554999999999999938e+00 -4.188263159224261400e-01
1.560000000000000053e+00 -4.198952393726863574e-01
1.564999999999999947e+00 -4.209858589207141621e-01
1.570000000000000062e+00 -4.220761656254268801e-01
1.574999999999999956e+00 -4.231503133651146054e-01
1.580000000000000071e+00 -4.242342907790160877e-01
1.584999999999999964e+00 -4.253107653733207427e-01
1.590000000000000080e+00 -4.263739540099478198e-01
1.594999999999999973e+00 -4.274285842426099880e-01
1.600000000000000089e+00 -4.285081027737949189e-01
1.604999999999999982e+00 -4.295877134641350459e-01
1.610000000000000098e+00 -4.306595595861558712e-01
1.614999999999999991e+00 -4.317516461393694494e-01
1.620000000000000107e+00 -4.328477215810307421e-01
1.625000000000000000e+00 -4.339371184911055557e-01
1.630000000000000115e+00 -4.350410039943898299e-01
1.635000000000000009e+00 -4.361519521473237737e-01
1.640000000000000124e+00 -4.372574031314966359e-01
1.645000000000000018e+00 -4.383533208678756510e-01
1.650000000000000133e+00 -4.394472518722871146e-01
1.655000000000000027e+00 -4.405454293537687804e-01
1.660000000000000142e+00 -4.416243147260431323e-01
1.665000000000000036e+00 -4.427119584196989033e-01
1.670000000000000151e+00 -4.438006971077855800e-01
1.675000000000000044e+00 -4.448796996425486983e-01
1.680000000000000160e+00 -4.459716169831385857e-01
1.685000000000000053e+00 -4.470862842123452530e-01
1.690000000000000169e+00 -4.481944565559239924e-01
1.695000000000000062e+00 -4.493029724591722784e-01
1.700000000000000178e+00 -4.504123942590488872e-01
1.705000000000000071e+00 -4.515062480242632570e-01
1.710000000000000187e+00 -4.525870505368522201e-01
1.715000000000000080e+00 -4.536637932011730601e-01
1.720000000000000195e+00 -4.547441372966423700e-01
1.725000000000000089e+00 -4.558222037422980377e-01
1.730000000000000204e+00 -4.569148083151828854e-01
1.735000000000000098e+00 -4.580031548693699883e-01
1.740000000000000213e+00 -4.591001996061491175e-01
1.745000000000000107e+00 -4.601903847037699946e-01
1.750000000000000222e+00 -4.612787435739329478e-01
1.755000000000000115e+00 -4.623656098113910762e-01
1.759999999999999787e+00 -4.634465106549332525e-01
1.764999999999999902e+00 -4.645171544337002856e-01
1.770000000000000018e+00 -4.655750868631844952e-01
1.774999999999999911e+00 -4.666599284981598483e-01
1.779999999999999805e+00 -4.677405806715538850e-01
1.784999999999999920e+00 -4.688132532348455173e-01
1.790000000000000036e+00 -4.698905325715691528e-01
1.794999999999999929e+00 -4.709673272380475728e-01
1.799999999999999822e+00 -4.720436551869207076e-01
1.804999999999999938e+00 -4.731350686457709842e-01
1.810000000000000053e+00 -4.742319737404595559e-01
1.814999999999999947e+00 -4.753200317514003626e-01
1.819999999999999840e+00 -4.763898434971007290e-01
1.824999999999999956e+00 -4.774508410835217598e-01
1.830000000000000071e+00 -4.785108050517393741e-01
1.834999999999999964e+00 -4.795676995464148717e-01
1.839999999999999858e+00 -4.806172097714609404e-01
1.844999999999999973e+00 -4.816807250252994610e-01
1.850000000000000089e+00 -4.827556714056296383e-01
1.854999999999999982e+00 -4.838306307266361239e-01
1.859999999999999876e+00 -4.849162586330884039e-01
1.864999999999999991e+00 -4.860149770769513489e-01
1.870000000000000107e+00 -4.871023804775888033e-01
1.875000000000000000e+00 -4.881730309409619273e-01
1.879999999999999893e+00 -4.892422919320085217e-01
1.885000000000000009e+00 -4.903120354173707285e-01
1.890000000000000124e+00 -4.913889334980564572e-01
1.895000000000000018e+00 -4.924629304505050431e-01
1.899999999999999911e+00 -4.935346053731106686e-01
1.905000000000000027e+00 -4.946116482921555924e-01
1.910000000000000142e+00 -4.956903549665963582e-01
1.915000000000000036e+00 -4.967594872284266661e-01
1.919999999999999929e+00 -4.978512341867945556e-01
1.925000000000000044e+00 -4.989474354459865757e-01
1.930000000000000160e+00 -5.000415787956717928e-01
1.935000000000000053e+00 -5.011339966886627639e-01
1.939999999999999947e+00 -5.022362699616716997e-01
1.945000000000000062e+00 -5.033356969101449030e-01
1.950000000000000178e+00 -5.044180056881587548e-01
1.955000000000000071e+00 -5.054849250381425740e-01
1.959999999999999964e+00 -5.065416226300311076e-01
1.965000000000000080e+00 -5.076154747340219098e-01
1.970000000000000195e+00 -5.086778748356318713e-01
1.975000000000000089e+00 -5.097497833369327713e-01
1.979999999999999982e+00 -5.108293792933564781e-01
1.985000000000000098e+00 -5.119074007409919469e-01
1.990000000000000213e+00 -5.129951360770442781e-01
1.995000000000000107e+00 -5.140782032449973116e-01
2.000000000000000000e+00 -5.151718043128620250e-01
2.004999999999999893e+00 -5.162693640416395890e-01
2.010000000000000231e+00 -5.173798153721919091e-01
2.015000000000000124e+00 -5.184874914707789939e-01
2.020000000000000018e+00 -5.195998127277374756e-01
2.025000000000000355e+00 -5.207149944790421259e-01
2.030000000000000249e+00 -5.218401996300884305e-01
2.035000000000000142e+00 -5.229696499859839420e-01
2.040000000000000036e+00 -5.241061856214309644e-01
2.044999999999999929e+00 -5.252244925742992621e-01
2.050000000000000266e+00 -5.263442115256351528e-01
2.055000000000000160e+00 -5.274649827526621815e-01
2.060000000000000053e+00 -5.285819679136902760e-01
2.065000000000000391e+00 -5.297043058765632528e-01
2.070000000000000284e+00 -5.308125701925449080e-01
2.075000000000000178e+00 -5.319297588519528164e-01
2.080000000000000071e+00 -5.330531470978639996e-01
2.084999999999999964e+00 -5.341748097529243067e-01
2.089999999999999858e+00 -5.352957008449151788e-01
2.094999999999999751e+00 -5.364100431160609972e-01
2.100000000000000089e+00 -5.375223123791883495e-01
2.104999999999999982e+00 -5.386276365911081276e-01
2.109999999999999876e+00 -5.397395846311623391e-01
2.114999999999999769e+00 -5.408707377352488521e-01
2.120000000000000107e+00 -5.420066393411726580e-01
2.125000000000000000e+00 -5.431520922321946276e-01
2.129999999999999893e+00 -5.442879877084503271e-01
2.134999999999999787e+00 -5.454191246062637388e-01
2.140000000000000124e+00 -5.465480101711839289e-01
2.145000000000000018e+00 -5.476782211980321113e-01
2.149999999999999911e+00 -5.488148769190182019e-01
2.154999999999999805e+00 -5.499595986171257334e-01
2.160000000000000142e+00 -5.511099622259137965e-01
2.165000000000000036e+00 -5.522674243766272362e-01
2.169999999999999929e+00 -5.534160702178985147e-01
2.174999999999999822e+00 -5.545698595867296632e-01
2.180000000000000160e+00 -5.557230701570283760e-01
2.185000000000000053e+00 -5.568650000363225550e-01
2.189999999999999947e+00 -5.580085733826399830e-01
2.194999999999999840e+00 -5.591473132641142652e-01
2.200000000000000178e+00 -5.602992458310102064e-01
2.205000000000000071e+00 -5.614475403552033894e-01
2.209999999999999964e+00 -5.625997330686253184e-01
2.214999999999999858e+00 -5.637655504679653928e-01
2.220000000000000195e+00 -5.649251617960164840e-01
2.225000000000000089e+00 -5.660703530774918724e-01
2.229999999999999982e+00 -5.672234876082056232e-01
2.234999999999999876e+00 -5.683781102570834021e-01
2.240000000000000213e+00 -5.695336736673959344e-01
2.245000000000000107e+00 -5.707116055687374567e-01
2.250000000000000000e+00 -5.719024667822693031e-01
2.254999999999999893e+00 -5.730886775501153885e-01
2.260000000000000231e+00 -5.742719965725083808e-01
2.265000000000000124e+00 -5.754483720209521147e-01
2.270000000000000018e+00 -5.766249535667498094e-01
2.274999999999999911e+00 -5.778136812504838238e-01
2.280000000000000249e+00 -5.789972140685888391e-01
2.285000000000000142e+00 -5.801854284969962805e-01
2.290000000000000036e+00 -5.813807924796590143e-01
2.294999999999999929e+00 -5.825386011549940068e-01
2.300000000000000266e+00 -5.837030300655320358e-01
2.305000000000000160e+00 -5.848593529917958111e-01
2.310000000000000053e+00 -5.860329580434424646e-01
2.314999999999999947e+00 -5.871938494751242077e-01
2.320000000000000284e+00 -5.883664023958186107e-01
2.325000000000000178e+00 -5.895418323783733205e-01
2.330000000000000071e+00 -5.907274400525438507e-01
2.334999999999999964e+00 -5.919137285872368981e-01
2.340000000000000302e+00 -5.930767079776548822e-01
2.345000000000000195e+00 -5.942121827697790515e-01
2.350000000000000089e+00 -5.953363090275898273e-01
2.354999999999999982e+00 -5.964787515663138029e-01
2.360000000000000320e+00 -5.976367402344862079e-01
2.365000000000000213e+00 -5.987919528432888994e-01
2.370000000000000107e+00 -5.999359263390112718e-01
2.375000000000000000e+00 -6.010685311493185745e-01
2.380000000000000338e+00 -6.021797457801677522e-01
2.385000000000000231e+00 -6.032982763029913764e-01
2.390000000000000124e+00 -6.044093764020506132e-01
2.395000000000000018e+00 -6.055167804438005286e-01
2.399999999999999911e+00 -6.066240392396392567e-01
2.404999999999999805e+00 -6.077245091775791419e-01
2.410000000000000142e+00 -6.088204765744037461e-01
2.415000000000000036e+00 -6.099100107800525805e-01
2.419999999999999929e+00 -6.109995375252739169e-01
2.424999999999999822e+00 -6.120796662684587774e-01
2.429999999999999716e+00 -6.131700588996568113e-01
2.435000000000000053e+00 -6.142649050050199566e-01
2.439999999999999947e+00 -6.153464469066317610e-01
2.444999999999999840e+00 -6.164249467552704864e-01
2.450000000000000178e+00 -6.175031014589669187e-01
2.455000000000000071e+00 -6.185761648598824269e-01
2.459999999999999964e+00 -6.196678068405510054e-01
2.464999999999999858e+00 -6.207612420409536202e-01
2.469999999999999751e+00 -6.218462236773497631e-01
2.475000000000000089e+00 -6.229263750029356839e-01
2.479999999999999982e+00 -6.240071480681094185e-01
2.484999999999999876e+00 -6.250832001187759390e-01
2.490000000000000213e+00 -6.261648068503066211e-01
2.495000000000000107e+00 -6.272713330653694186e-01
