0.000000000000000000e+00 0.000000000000000000e+00
5.000000000000000104e-03 -2.902887676788400324e-03
1.000000000000000021e-02 -5.764497909449778877e-03
1.499999999999999944e-02 -8.585839491927142741e-03
2.000000000000000042e-02 -1.138120838231898406e-02
2.500000000000000139e-02 -1.415574567622275744e-02
2.999999999999999889e-02 -1.689537480919106258e-02
3.500000000000000333e-02 -1.961385750197454370e-02
4.000000000000000083e-02 -2.229864840242992696e-02
4.500000000000000527e-02 -2.494422617242826254e-02
5.000000000000000278e-02 -2.754910388792168596e-02
5.499999999999999334e-02 -3.011267888946632734e-02
5.999999999999999778e-02 -3.264605781201834062e-02
6.500000000000000222e-02 -3.515869075261660037e-02
7.000000000000000666e-02 -3.763014995682703590e-02
7.499999999999999722e-02 -4.006919917350459937e-02
8.000000000000000167e-02 -4.247341162714967505e-02
8.500000000000000611e-02 -4.484750117325785740e-02
9.000000000000001055e-02 -4.720727894049858014e-02
9.500000000000000111e-02 -4.955365346055243952e-02
1.000000000000000056e-01 -5.186706341630454437e-02
1.050000000000000100e-01 -5.417047685140768953e-02
1.099999999999999867e-01 -5.643986476287420756e-02
1.149999999999999911e-01 -5.866674182188798270e-02
1.199999999999999956e-01 -6.087012927337922402e-02
1.250000000000000000e-01 -6.302616410263964242e-02
1.300000000000000044e-01 -6.516579450311943411e-02
1.350000000000000089e-01 -6.728600163324627292e-02
1.400000000000000133e-01 -6.938257943022124730e-02
1.450000000000000178e-01 -7.146774971299674206e-02
1.499999999999999944e-01 -7.353434657333639268e-02
1.549999999999999989e-01 -7.559410884846581857e-02
1.600000000000000033e-01 -7.765291645445727975e-02
1.650000000000000078e-01 -7.970379996818946489e-02
1.700000000000000122e-01 -8.174194901656033074e-02
1.750000000000000167e-01 -8.377473447940489426e-02
1.800000000000000211e-01 -8.579646617148874166e-02
1.849999999999999978e-01 -8.780291057240040276e-02
1.900000000000000022e-01 -8.978606873200609129e-02
1.950000000000000067e-01 -9.175197048123853727e-02
2.000000000000000111e-01 -9.371724133459786998e-02
2.050000000000000155e-01 -9.566157744353807890e-02
2.100000000000000200e-01 -9.759307047053254747e-02
2.150000000000000244e-01 -9.949125132485402145e-02
2.199999999999999734e-01 -1.013691999128286947e-01
2.249999999999999778e-01 -1.032420799721519566e-01
2.299999999999999822e-01 -1.051225242434967316e-01
2.349999999999999867e-01 -1.069873568621652338e-01
2.399999999999999911e-01 -1.088363865330222863e-01
2.449999999999999956e-01 -1.106750609622263737e-01
2.500000000000000000e-01 -1.125036796437699910e-01
2.550000000000000044e-01 -1.143208624328272832e-01
2.600000000000000089e-01 -1.161256443837303115e-01
2.650000000000000133e-01 -1.179261803642267098e-01
2.700000000000000178e-01 -1.197108244191987525e-01
2.750000000000000222e-01 -1.214846053177669888e-01
2.800000000000000266e-01 -1.232383758650664463e-01
2.850000000000000311e-01 -1.249681193949615104e-01
2.900000000000000355e-01 -1.266808609364812876e-01
2.950000000000000400e-01 -1.283928659661001115e-01
2.999999999999999889e-01 -1.301192699710450040e-01
3.049999999999999933e-01 -1.318167004955796417e-01
3.099999999999999978e-01 -1.335006296546893678e-01
3.150000000000000022e-01 -1.351884751249778915e-01
3.200000000000000067e-01 -1.368736687810990782e-01
3.250000000000000111e-01 -1.385476762436775311e-01
3.300000000000000155e-01 -1.402121419733174112e-01
3.350000000000000200e-01 -1.418744098431059530e-01
3.400000000000000244e-01 -1.435179531819192056e-01
3.450000000000000289e-01 -1.451610302727147639e-01
3.500000000000000333e-01 -1.468049983490637977e-01
3.550000000000000377e-01 -1.484391519966550832e-01
3.600000000000000422e-01 -1.500905333027819366e-01
3.649999999999999911e-01 -1.517266461939567879e-01
3.699999999999999956e-01 -1.533626362625390704e-01
3.750000000000000000e-01 -1.550010791839923630e-01
3.800000000000000044e-01 -1.566167475918719409e-01
3.850000000000000089e-01 -1.582426795512270612e-01
3.900000000000000133e-01 -1.598571133098949659e-01
3.950000000000000178e-01 -1.614737836307057472e-01
4.000000000000000222e-01 -1.630856117987895537e-01
4.050000000000000266e-01 -1.646781282788034317e-01
4.100000000000000311e-01 -1.662548487622975968e-01
4.150000000000000355e-01 -1.678312215552460462e-01
4.200000000000000400e-01 -1.694034630885104808e-01
4.250000000000000444e-01 -1.709524420984612492e-01
4.300000000000000488e-01 -1.724927761279818894e-01
4.350000000000000533e-01 -1.740286209314546861e-01
4.399999999999999467e-01 -1.755652604626775637e-01
4.449999999999999512e-01 -1.770928859823975854e-01
4.499999999999999556e-01 -1.786266826751823633e-01
4.549999999999999600e-01 -1.801635428274739048e-01
4.599999999999999645e-01 -1.816750434389565738e-01
4.649999999999999689e-01 -1.831758774623556685e-01
4.699999999999999734e-01 -1.846749665358910497e-01
4.749999999999999778e-01 -1.861727559052599457e-01
4.799999999999999822e-01 -1.876654755470509028e-01
4.849999999999999867e-01 -1.891625359810378548e-01
4.899999999999999911e-01 -1.906647467239482863e-01
4.949999999999999956e-01 -1.921768413591159186e-01
5.000000000000000000e-01 -1.936864897236333927e-01
5.050000000000000044e-01 -1.951968814099513116e-01
5.100000000000000089e-01 -1.967124749492138447e-01
5.150000000000000133e-01 -1.982124037616167789e-01
5.200000000000000178e-01 -1.997032875328829116e-01
5.250000000000000222e-01 -2.012007555261050296e-01
5.300000000000000266e-01 -2.026931340833445505e-01
5.350000000000000311e-01 -2.041808518269662420e-01
5.400000000000000355e-01 -2.056677603285371747e-01
5.450000000000000400e-01 -2.071506188158253048e-01
5.500000000000000444e-01 -2.086263375059831116e-01
5.550000000000000488e-01 -2.100881948901275609e-01
5.600000000000000533e-01 -2.115393626799461080e-01
5.650000000000000577e-01 -2.129890312601728786e-01
5.700000000000000622e-01 -2.144327842917793381e-01
5.750000000000000666e-01 -2.158836355051974298e-01
5.800000000000000711e-01 -2.173291973779943320e-01
5.850000000000000755e-01 -2.187810285966645951e-01
5.900000000000000799e-01 -2.202222660906480445e-01
5.950000000000000844e-01 -2.216606197201026196e-01
5.999999999999999778e-01 -2.231018127852930355e-01
6.049999999999999822e-01 -2.245549260114427792e-01
6.099999999999999867e-01 -2.260193379722245377e-01
6.149999999999999911e-01 -2.274748249255732491e-01
6.199999999999999956e-01 -2.289260184706224110e-01
6.250000000000000000e-01 -2.303636663309154564e-01
6.300000000000000044e-01 -2.317967182051936803e-01
6.350000000000000089e-01 -2.332279377792970398e-01
6.400000000000000133e-01 -2.346521285111786981e-01
6.450000000000000178e-01 -2.360764727141940189e-01
6.500000000000000222e-01 -2.375093430501807323e-01
6.550000000000000266e-01 -2.389345426473181155e-01
6.600000000000000311e-01 -2.403541310128415875e-01
6.650000000000000355e-01 -2.417749002550211856e-01
6.700000000000000400e-01 -2.431893079532781443e-01
6.750000000000000444e-01 -2.445923197107042202e-01
6.800000000000000488e-01 -2.460108862527102813e-01
6.850000000000000533e-01 -2.474282713772233966e-01
6.900000000000000577e-01 -2.488397205970786785e-01
6.950000000000000622e-01 -2.502429721768750781e-01
7.000000000000000666e-01 -2.516517897896914935e-01
7.050000000000000711e-01 -2.530590053656489036e-01
7.100000000000000755e-01 -2.544657712017257545e-01
7.150000000000000799e-01 -2.558841825471699361e-01
7.200000000000000844e-01 -2.572948190345353270e-01
7.249999999999999778e-01 -2.587045717017611435e-01
7.299999999999999822e-01 -2.601103586801897238e-01
7.349999999999999867e-01 -2.615039827429196939e-01
7.399999999999999911e-01 -2.629033644858942420e-01
7.449999999999999956e-01 -2.643149793272700498e-01
7.500000000000000000e-01 -2.657402419105963087e-01
7.550000000000000044e-01 -2.671647667008311133e-01
7.600000000000000089e-01 -2.685917134381268778e-01
7.650000000000000133e-01 -2.700101207697150896e-01
7.700000000000000178e-01 -2.714278158393718110e-01
7.750000000000000222e-01 -2.728557476698246220e-01
7.800000000000000266e-01 -2.742739872162007764e-01
7.850000000000000311e-01 -2.756930791816468163e-01
7.900000000000000355e-01 -2.771132447833802859e-01
7.950000000000000400e-01 -2.785254664013369630e-01
8.000000000000000444e-01 -2.799442881839774300e-01
8.050000000000000488e-01 -2.813630649721032828e-01
8.100000000000000533e-01 -2.827916394383687138e-01
8.150000000000000577e-01 -2.842229301689576659e-01
8.200000000000000622e-01 -2.856459843188920433e-01
8.250000000000000666e-01 -2.870673383739525963e-01
8.300000000000000711e-01 -2.884920131583590952e-01
8.350000000000000755e-01 -2.899250581499386858e-01
8.400000000000000799e-01 -2.913638579651122718e-01
8.450000000000000844e-01 -2.928008717319720566e-01
8.500000000000000888e-01 -2.942271551715499589e-01
8.550000000000000933e-01 -2.956559504409521089e-01
8.600000000000000977e-01 -2.970854334703075805e-01
8.650000000000001021e-01 -2.984978054441062567e-01
8.700000000000001066e-01 -2.998919412160696574e-01
8.750000000000001110e-01 -3.012865649692457182e-01
8.799999999999998934e-01 -3.026780397488927354e-01
8.850000000000000089e-01 -3.040594061200668219e-01
8.899999999999999023e-01 -3.054466049699490204e-01
8.950000000000000178e-01 -3.068289957625149889e-01
8.999999999999999112e-01 -3.082199963632473172e-01
9.050000000000000266e-01 -3.096124674340399174e-01
9.099999999999999201e-01 -3.110009467378054837e-01
9.150000000000000355e-01 -3.123955512232651777e-01
9.199999999999999289e-01 -3.137923429390830354e-01
9.250000000000000444e-01 -3.152014184872201641e-01
9.299999999999999378e-01 -3.166038209750536847e-01
9.350000000000000533e-01 -3.180112457707396922e-01
9.399999999999999467e-01 -3.194184952590777282e-01
9.450000000000000622e-01 -3.208265848605695303e-01
9.499999999999999556e-01 -3.222221704038586432e-01
9.550000000000000711e-01 -3.236150419926122623e-01
9.599999999999999645e-01 -3.250151663000904190e-01
9.650000000000000799e-01 -3.264214703138789142e-01
9.699999999999999734e-01 -3.278122039286289202e-01
9.750000000000000888e-01 -3.292099164305257175e-01
9.799999999999999822e-01 -3.306194302702896715e-01
9.850000000000000977e-01 -3.320161436537425459e-01
9.899999999999999911e-01 -3.334055654210968389e-01
9.950000000000001066e-01 -3.347925125458205420e-01
1.000000000000000000e+00 -3.361763209621800863e-01
1.005000000000000115e+00 -3.375663430854204394e-01
1.010000000000000009e+00 -3.389562339167312977e-01
1.015000000000000124e+00 -3.403364940782410697e-01
1.020000000000000018e+00 -3.417164851936635439e-01
1.025000000000000133e+00 -3.430942492216317863e-01
1.030000000000000027e+00 -3.444746405338557360e-01
1.035000000000000142e+00 -3.458515307281680995e-01
1.040000000000000036e+00 -3.472394750617510129e-01
1.044999999999999929e+00 -3.486231957909753376e-01
1.050000000000000044e+00 -3.499942559478933513e-01
1.054999999999999938e+00 -3.513716202860530102e-01
1.060000000000000053e+00 -3.527573870045911941e-01
1.064999999999999947e+00 -3.541558020283732677e-01
1.070000000000000062e+00 -3.555430607726798309e-01
1.074999999999999956e+00 -3.569447772359085613e-01
1.080000000000000071e+00 -3.583535152145884140e-01
1.084999999999999964e+00 -3.597753006190871905e-01
1.090000000000000080e+00 -3.611904808415492552e-01
1.094999999999999973e+00 -3.626157028392916759e-01
1.100000000000000089e+00 -3.640458905129252409e-01
1.104999999999999982e+00 -3.654652365379167378e-01
1.110000000000000098e+00 -3.668844341871655423e-01
1.114999999999999991e+00 -3.683072904647003987e-01
1.120000000000000107e+00 -3.697314151209872279e-01
1.125000000000000000e+00 -3.711461965303324284e-01
1.130000000000000115e+00 -3.725608049826313883e-01
1.135000000000000009e+00 -3.739837329629994156e-01
1.140000000000000124e+00 -3.754104392805126533e-01
1.145000000000000018e+00 -3.768363845589053351e-01
1.150000000000000133e+00 -3.782537046378490198e-01
1.155000000000000027e+00 -3.796643162162074425e-01
1.160000000000000142e+00 -3.810852108745614863e-01
1.165000000000000036e+00 -3.824863993739072709e-01
1.170000000000000151e+00 -3.838814718991178654e-01
1.175000000000000044e+00 -3.852580890099764899e-01
1.180000000000000160e+00 -3.866359297862655975e-01
1.185000000000000053e+00 -3.880075270863796444e-01
1.190000000000000169e+00 -3.893930924930942838e-01
1.195000000000000062e+00 -3.907725590146906014e-01
1.199999999999999956e+00 -3.921544136481256437e-01
1.205000000000000071e+00 -3.935531802835676163e-01
1.209999999999999964e+00 -3.949409420501734935e-01
1.214999999999999858e+00 -3.963299857034672802e-01
1.219999999999999973e+00 -3.977136620193975625e-01
1.225000000000000089e+00 -3.990967168767577400e-01
1.229999999999999982e+00 -4.004608939641007836e-01
1.234999999999999876e+00 -4.018344028568670567e-01
1.239999999999999991e+00 -4.031909115779236941e-01
1.245000000000000107e+00 -4.045368130734668388e-01
1.250000000000000000e+00 -4.058857754782156935e-01
1.254999999999999893e+00 -4.072360737833582989e-01
1.260000000000000009e+00 -4.085855011857125740e-01
1.265000000000000124e+00 -4.099363446387942478e-01
1.270000000000000018e+00 -4.113006752621063966e-01
1.274999999999999911e+00 -4.126651677814535124e-01
1.280000000000000027e+00 -4.140230074476010658e-01
1.285000000000000142e+00 -4.153616307349298209e-01
1.290000000000000036e+00 -4.167141232413645313e-01
1.294999999999999929e+00 -4.180723596181099011e-01
1.300000000000000044e+00 -4.194349131578449241e-01
1.305000000000000160e+00 -4.207898051168841858e-01
1.310000000000000053e+00 -4.221505426908762626e-01
1.314999999999999947e+00 -4.235046194751353466e-01
1.320000000000000062e+00 -4.248501360265701243e-01
1.325000000000000178e+00 -4.261979945229751876e-01
1.330000000000000071e+00 -4.275385751014684765e-01
1.334999999999999964e+00 -4.288682051536120143e-01
1.340000000000000080e+00 -4.301911232020174669e-01
1.345000000000000195e+00 -4.315029866437719575e-01
1.350000000000000089e+00 -4.328115729851305660e-01
1.354999999999999982e+00 -4.341238804856266675e-01
1.360000000000000098e+00 -4.354564984817214657e-01
1.365000000000000213e+00 -4.367791688237783743e-01
1.370000000000000107e+00 -4.381075595546737866e-01
1.375000000000000000e+00 -4.394272196174026646e-01
1.380000000000000115e+00 -4.407559639118981409e-01
1.385000000000000231e+00 -4.420798604311552138e-01
1.390000000000000124e+00 -4.434023568960281936e-01
1.395000000000000018e+00 -4.447327146932223974e-01
1.400000000000000133e+00 -4.460683292294670421e-01
1.405000000000000249e+00 -4.473986742964314312e-01
1.410000000000000142e+00 -4.487322526093605046e-01
1.415000000000000036e+00 -4.500711731744086452e-01
1.420000000000000151e+00 -4.513965516844416492e-01
1.425000000000000266e+00 -4.527200540897806103e-01
1.430000000000000160e+00 -4.540531359205181028e-01
1.435000000000000053e+00 -4.553844743614246515e-01
1.440000000000000169e+00 -4.566968771186843967e-01
1.444999999999999840e+00 -4.580244660060490136e-01
1.449999999999999956e+00 -4.593510634885382693e-01
1.454999999999999849e+00 -4.606741785011471135e-01
1.459999999999999964e+00 -4.619982657345277910e-01
1.464999999999999858e+00 -4.633327224649545495e-01
1.469999999999999973e+00 -4.646742410315860550e-01
1.474999999999999867e+00 -4.660228682642065801e-01
1.479999999999999982e+00 -4.673713637808671328e-01
1.484999999999999876e+00 -4.687021919922668700e-01
1.489999999999999991e+00 -4.700325073986076907e-01
1.494999999999999885e+00 -4.713675946855494514e-01
1.500000000000000000e+00 -4.727033525307676176e-01
1.504999999999999893e+00 -4.740387801509581278e-01
1.510000000000000009e+00 -4.753578560285152133e-01
1.514999999999999902e+00 -4.766530704128132401e-01
1.520000000000000018e+00 -4.779427161099438770e-01
1.524999999999999911e+00 -4.792254419490869499e-01
1.530000000000000027e+00 -4.805000058497715387e-01
1.534999999999999920e+00 -4.817751470389748381e-01
1.540000000000000036e+00 -4.830386304872191783e-01
1.544999999999999929e+00 -4.843052176387174779e-01
1.550000000000000044e+00 -4.855775080908699692e-01
1.554999999999999938e+00 -4.868651373920572234e-01
1.560000000000000053e+00 -4.881391656527575007e-01
1.564999999999999947e+00 -4.894135358382935008e-01
1.570000000000000062e+00 -4.906721694219240426e-01
1.574999999999999956e+00 -4.919376016295870513e-01
1.580000000000000071e+00 -4.931878297300352765e-01
1.584999999999999964e+00 -4.944468952569146536e-01
1.590000000000000080e+00 -4.957134300930917115e-01
1.594999999999999973e+00 -4.969959904451190513e-01
1.600000000000000089e+00 -4.982680970843430535e-01
1.604999999999999982e+00 -4.995488467925036091e-01
1.610000000000000098e+00 -5.008252516587679004e-01
1.614999999999999991e+00 -5.020957998146265977e-01
1.620000000000000107e+00 -5.033697283272863254e-01
1.625000000000000000e+00 -5.046258605591007473e-01
1.630000000000000115e+00 -5.058879013047137274e-01
1.635000000000000009e+00 -5.071520535791647077e-01
1.640000000000000124e+00 -5.084187287176629155e-01
1.645000000000000018e+00 -5.096818490007049007e-01
1.650000000000000133e+00 -5.109479930302428530e-01
1.655000000000000027e+00 -5.122082111327348475e-01
1.660000000000000142e+00 -5.134731773213550010e-01
1.665000000000000036e+00 -5.147447374000708731e-01
1.670000000000000151e+00 -5.160155685749319154e-01
1.675000000000000044e+00 -5.172737520402963529e-01
1.680000000000000160e+00 -5.185314923341197701e-01
1.685000000000000053e+00 -5.198048142653184378e-01
1.690000000000000169e+00 -5.210869319845269354e-01
1.695000000000000062e+00 -5.223696766732117691e-01
1.700000000000000178e+00 -5.236340717405838507e-01
1.705000000000000071e+00 -5.249032996307577692e-01
1.710000000000000187e+00 -5.261812619811702119e-01
1.715000000000000080e+00 -5.274531963219746267e-01
1.720000000000000195e+00 -5.287199594457453466e-01
1.725000000000000089e+00 -5.299929605964733836e-01
1.730000000000000204e+00 -5.312744006440123234e-01
1.735000000000000098e+00 -5.325572265975039299e-01
1.740000000000000213e+00 -5.338452298891450676e-01
1.745000000000000107e+00 -5.351304102311530420e-01
1.750000000000000222e+00 -5.364156291611875682e-01
1.755000000000000115e+00 -5.376995740284824521e-01
1.759999999999999787e+00 -5.389797954041817274e-01
1.764999999999999902e+00 -5.402267937351805660e-01
1.770000000000000018e+00 -5.414755694611700365e-01
1.774999999999999911e+00 -5.427043999027081345e-01
1.779999999999999805e+00 -5.439366259688291905e-01
1.784999999999999920e+00 -5.451510807467301323e-01
1.790000000000000036e+00 -5.463747512033005904e-01
1.794999999999999929e+00 -5.475887707376752012e-01
1.799999999999999822e+00 -5.487983029973813043e-01
1.804999999999999938e+00 -5.500061729764847973e-01
1.810000000000000053e+00 -5.512251672008796621e-01
1.814999999999999947e+00 -5.524413124065848946e-01
1.819999999999999840e+00 -5.536507911713468566e-01
1.824999999999999956e+00 -5.548915623675834130e-01
1.830000000000000071e+00 -5.561349807623919839e-01
1.834999999999999964e+00 -5.573949070633548164e-01
1.839999999999999858e+00 -5.586586067505588948e-01
1.844999999999999973e+00 -5.599327212333202741e-01
1.850000000000000089e+00 -5.612153127751429160e-01
1.854999999999999982e+00 -5.625044756638845067e-01
1.859999999999999876e+00 -5.638184821841363270e-01
1.864999999999999991e+00 -5.651485856981537381e-01
1.870000000000000107e+00 -5.664847419118486105e-01
1.875000000000000000e+00 -5.678198246171005659e-01
1.879999999999999893e+00 -5.691385621053092203e-01
1.885000000000000009e+00 -5.704508143282766008e-01
1.890000000000000124e+00 -5.717705215919868245e-01
1.895000000000000018e+00 -5.730821735543244477e-01
1.899999999999999911e+00 -5.743895042003003271e-01
1.905000000000000027e+00 -5.757064914821116153e-01
1.910000000000000142e+00 -5.770086958287591328e-01
1.915000000000000036e+00 -5.783048246812467763e-01
1.919999999999999929e+00 -5.796072666310968513e-01
1.925000000000000044e+00 -5.809420328655008348e-01
1.930000000000000160e+00 -5.822780734749558595e-01
1.935000000000000053e+00 -5.836182766424149460e-01
1.939999999999999947e+00 -5.849592935213602241e-01
1.945000000000000062e+00 -5.863016819764494958e-01
1.950000000000000178e+00 -5.876297606629590220e-01
1.955000000000000071e+00 -5.889390113750052613e-01
1.959999999999999964e+00 -5.902428211970330851e-01
1.965000000000000080e+00 -5.915448346725933337e-01
1.970000000000000195e+00 -5.928424747276747064e-01
1.975000000000000089e+00 -5.941556577876174750e-01
1.979999999999999982e+00 -5.954759450988712510e-01
1.985000000000000098e+00 -5.967952636456395066e-01
1.990000000000000213e+00 -5.981047798282467243e-01
1.995000000000000107e+00 -5.994061074689238655e-01
2.000000000000000000e+00 -6.006786883487197359e-01
2.004999999999999893e+00 -6.019702080282078871e-01
2.010000000000000231e+00 -6.032660720100342377e-01
2.015000000000000124e+00 -6.045533994628797814e-01
2.020000000000000018e+00 -6.058248157089572983e-01
2.025000000000000355e+00 -6.070792842802102962e-01
2.030000000000000249e+00 -6.083133772850802812e-01
2.035000000000000142e+00 -6.095602343978133719e-01
2.040000000000000036e+00 -6.108050879069613082e-01
2.044999999999999929e+00 -6.120500408102022005e-01
2.050000000000000266e+00 -6.132990804386569961e-01
2.055000000000000160e+00 -6.145550504728307661e-01
2.060000000000000053e+00 -6.158099414848281494e-01
2.065000000000000391e+00 -6.170642292367201076e-01
2.070000000000000284e+00 -6.183217890443151177e-01
2.075000000000000178e+00 -6.195768777079376788e-01
2.080000000000000071e+00 -6.208353365523334721e-01
2.084999999999999964e+00 -6.221081787840773147e-01
2.089999999999999858e+00 -6.233992960006127237e-01
2.094999999999999751e+00 -6.246869755044740513e-01
2.100000000000000089e+00 -6.259769831333104051e-01
2.104999999999999982e+00 -6.272809268200656430e-01
2.109999999999999876e+00 -6.285810010633149369e-01
2.114999999999999769e+00 -6.298816463145575639e-01
2.120000000000000107e+00 -6.312101798767941752e-01
2.125000000000000000e+00 -6.325395095677619484e-01
2.129999999999999893e+00 -6.338588479034287237e-01
2.134999999999999787e+00 -6.351790300778207277e-01
2.140000000000000124e+00 -6.364996454901974410e-01
2.145000000000000018e+00 -6.378231636749259748e-01
2.149999999999999911e+00 -6.391465419280201177e-01
2.154999999999999805e+00 -6.404653508190647493e-01
2.160000000000000142e+00 -6.417918338506982678e-01
2.165000000000000036e+00 -6.431133846026655387e-01
2.169999999999999929e+00 -6.444522038296902622e-01
2.174999999999999822e+00 -6.457850315222879445e-01
2.180000000000000160e+00 -6.471098525450779126e-01
2.185000000000000053e+00 -6.484300672315792546e-01
2.189999999999999947e+00 -6.497541803055332243e-01
2.194999999999999840e+00 -6.510766428018368579e-01
2.200000000000000178e+00 -6.524055976860242412e-01
2.205000000000000071e+00 -6.537326565341551321e-01
2.209999999999999964e+00 -6.550705303647348376e-01
2.214999999999999858e+00 -6.564035208357748008e-01
2.220000000000000195e+00 -6.577694663373166994e-01
2.225000000000000089e+00 -6.591228125467301080e-01
2.229999999999999982e+00 -6.604738735282553730e-01
2.234999999999999876e+00 -6.618234780868091915e-01
2.240000000000000213e+00 -6.631701858778162872e-01
2.245000000000000107e+00 -6.645179223239661148e-01
2.250000000000000000e+00 -6.658795604436781312e-01
2.254999999999999893e+00 -6.672521146746487331e-01
2.260000000000000231e+00 -6.686246252285150682e-01
2.265000000000000124e+00 -6.700120918668279746e-01
2.270000000000000018e+00 -6.713929810939525122e-01
2.274999999999999911e+00 -6.727838152150029671e-01
2.280000000000000249e+00 -6.741660143780073833e-01
2.285000000000000142e+00 -6.755299232257045983e-01
2.290000000000000036e+00 -6.768918331824939072e-01
2.294999999999999929e+00 -6.782680185438386689e-01
2.300000000000000266e+00 -6.796264893070876889e-01
2.305000000000000160e+00 -6.809979039687842350e-01
2.310000000000000053e+00 -6.823628822954381778e-01
2.314999999999999947e+00 -6.837434898197273236e-01
2.320000000000000284e+00 -6.850963776238391256e-01
2.325000000000000178e+00 -6.864330531181048745e-01
2.330000000000000071e+00 -6.877969624658974990e-01
2.334999999999999964e+00 -6.891656931286148646e-01
2.340000000000000302e+00 -6.905643366941183192e-01
2.345000000000000195e+00 -6.919775077363777838e-01
2.350000000000000089e+00 -6.933750478702220832e-01
2.354999999999999982e+00 -6.947498041202024854e-01
2.360000000000000320e+00 -6.961383810606569522e-01
2.365000000000000213e+00 -6.975074884487888482e-01
2.370000000000000107e+00 -6.988633325363019511e-01
2.375000000000000000e+00 -7.002287264090153451e-01
2.380000000000000338e+00 -7.016078950881252663e-01
2.385000000000000231e+00 -7.030068732098033735e-01
2.390000000000000124e+00 -7.044165172244929440e-01
2.395000000000000018e+00 -7.058330857828418736e-01
2.399999999999999911e+00 -7.072624678239278762e-01
2.404999999999999805e+00 -7.087020680673149498e-01
2.410000000000000142e+00 -7.101576454624802803e-01
2.415000000000000036e+00 -7.116101749843853908e-01
2.419999999999999929e+00 -7.130747414216607183e-01
2.424999999999999822e+00 -7.145397605615694259e-01
2.429999999999999716e+00 -7.159982399701276812e-01
2.435000000000000053e+00 -7.174529641279199232e-01
2.439999999999999947e+00 -7.189089548177781674e-01
2.444999999999999840e+00 -7.203681538355288794e-01
2.450000000000000178e+00 -7.218259143077192519e-01
2.455000000000000071e+00 -7.232970708566950346e-01
2.459999999999999964e+00 -7.247644264509175427e-01
2.464999999999999858e+00 -7.262220776913150821e-01
2.469999999999999751e+00 -7.276643237854655277e-01
2.475000000000000089e+00 -7.290829202312701929e-01
2.479999999999999982e+00 -7.305083150679916315e-01
2.484999999999999876e+00 -7.319259453537042548e-01
2.490000000000000213e+00 -7.333373778860180492e-01
2.495000000000000107e+00 -7.347455036530448069e-01
