0.000000000000000000e+00 0.000000000000000000e+00
5.000000000000000104e-03 -2.820038930491262138e-03
1.000000000000000021e-02 -5.612469605192597563e-03
1.499999999999999944e-02 -8.349958080640738217e-03
2.000000000000000042e-02 -1.105267761570646705e-02
2.500000000000000139e-02 -1.371571499518551771e-02
2.999999999999999889e-02 -1.634751475806479545e-02
3.500000000000000333e-02 -1.894644573527604417e-02
4.000000000000000083e-02 -2.151858956674481196e-02
4.500000000000000527e-02 -2.406108003205007298e-02
5.000000000000000278e-02 -2.656597041833131528e-02
5.499999999999999334e-02 -2.903808083186814465e-02
5.999999999999999778e-02 -3.145970686017079965e-02
6.500000000000000222e-02 -3.384553613920398413e-02
7.000000000000000666e-02 -3.618332832019114514e-02
7.499999999999999722e-02 -3.847730321860837188e-02
8.000000000000000167e-02 -4.074483039568298215e-02
8.500000000000000611e-02 -4.298477205407814222e-02
9.000000000000001055e-02 -4.520546434539488706e-02
9.500000000000000111e-02 -4.737332897360805456e-02
1.000000000000000056e-01 -4.949051730742713012e-02
1.050000000000000100e-01 -5.156265219643421660e-02
1.099999999999999867e-01 -5.362150143594628104e-02
1.149999999999999911e-01 -5.563873710688454349e-02
1.199999999999999956e-01 -5.762755412520461501e-02
1.250000000000000000e-01 -5.957280553268796963e-02
1.300000000000000044e-01 -6.149832294305154767e-02
1.350000000000000089e-01 -6.340265522307113322e-02
1.400000000000000133e-01 -6.527348494158749515e-02
1.450000000000000178e-01 -6.712695342911380314e-02
1.499999999999999944e-01 -6.895265273032133435e-02
1.549999999999999989e-01 -7.076556548186123397e-02
1.600000000000000033e-01 -7.253805001085758541e-02
1.650000000000000078e-01 -7.428736820561862575e-02
1.700000000000000122e-01 -7.600345583571473107e-02
1.750000000000000167e-01 -7.770428280511909591e-02
1.800000000000000211e-01 -7.938793008515890315e-02
1.849999999999999978e-01 -8.105181151760029734e-02
1.900000000000000022e-01 -8.270026552595384495e-02
1.950000000000000067e-01 -8.433525429772081861e-02
2.000000000000000111e-01 -8.593875918706736505e-02
2.050000000000000155e-01 -8.751553891589970713e-02
2.100000000000000200e-01 -8.908615374561149047e-02
2.150000000000000244e-01 -9.063804931260922848e-02
2.199999999999999734e-01 -9.216339383538331431e-02
2.249999999999999778e-01 -9.367331471954261357e-02
2.299999999999999822e-01 -9.516629913999431756e-02
2.349999999999999867e-01 -9.664330430539543049e-02
2.399999999999999911e-01 -9.810341421442785037e-02
2.449999999999999956e-01 -9.954526733410838657e-02
2.500000000000000000e-01 -1.009656601159868439e-01
2.550000000000000044e-01 -1.023735906607545487e-01
2.600000000000000089e-01 -1.037613221380653122e-01
2.650000000000000133e-01 -1.051524367436299096e-01
2.700000000000000178e-01 -1.065369674634151637e-01
2.750000000000000222e-01 -1.078927296578371664e-01
2.800000000000000266e-01 -1.092445473667842254e-01
2.850000000000000311e-01 -1.105765052433847206e-01
2.900000000000000355e-01 -1.118723391901334657e-01
2.950000000000000400e-01 -1.131540285159703813e-01
2.999999999999999889e-01 -1.144228808367652589e-01
3.049999999999999933e-01 -1.156891736743297233e-01
3.099999999999999978e-01 -1.169280782573711430e-01
3.150000000000000022e-01 -1.181567790303102577e-01
3.200000000000000067e-01 -1.193690089901255358e-01
3.250000000000000111e-01 -1.205723226108470908e-01
3.300000000000000155e-01 -1.217682023557430243e-01
3.350000000000000200e-01 -1.229559893893364675e-01
3.400000000000000244e-01 -1.241316253314738577e-01
3.450000000000000289e-01 -1.253049477518792254e-01
3.500000000000000333e-01 -1.264678123677994703e-01
3.550000000000000377e-01 -1.276207611136980502e-01
3.600000000000000422e-01 -1.287516947085584340e-01
3.649999999999999911e-01 -1.298721135767227641e-01
3.699999999999999956e-01 -1.309794431855483277e-01
3.750000000000000000e-01 -1.320710838978861879e-01
3.800000000000000044e-01 -1.331648462403154098e-01
3.850000000000000089e-01 -1.342620943786461685e-01
3.900000000000000133e-01 -1.353567132936103201e-01
3.950000000000000178e-01 -1.364390709759605302e-01
4.000000000000000222e-01 -1.375082354584040156e-01
4.050000000000000266e-01 -1.385576496750819120e-01
4.100000000000000311e-01 -1.395992205431487998e-01
4.150000000000000355e-01 -1.406298806989429717e-01
4.200000000000000400e-01 -1.416511703386010568e-01
4.250000000000000444e-01 -1.426645618335485310e-01
4.300000000000000488e-01 -1.436670665697253324e-01
4.350000000000000533e-01 -1.446684002240084532e-01
4.399999999999999467e-01 -1.456570316195109627e-01
4.449999999999999512e-01 -1.466432098927398231e-01
4.499999999999999556e-01 -1.476229112557375101e-01
4.549999999999999600e-01 -1.485988483436274377e-01
4.599999999999999645e-01 -1.495583638900732926e-01
4.649999999999999689e-01 -1.505160615478999819e-01
4.699999999999999734e-01 -1.514588247810961241e-01
4.749999999999999778e-01 -1.523904711125057820e-01
4.799999999999999822e-01 -1.533259697639836328e-01
4.849999999999999867e-01 -1.542483553746254177e-01
4.899999999999999911e-01 -1.551591779653913317e-01
4.949999999999999956e-01 -1.560658314911489986e-01
5.000000000000000000e-01 -1.569704669061375568e-01
5.050000000000000044e-01 -1.578652567724174727e-01
5.100000000000000089e-01 -1.587593175285406111e-01
5.150000000000000133e-01 -1.596458345942131096e-01
5.200000000000000178e-01 -1.605309305871201186e-01
5.250000000000000222e-01 -1.613988533770007727e-01
5.300000000000000266e-01 -1.622448684350522585e-01
5.350000000000000311e-01 -1.630996729735862960e-01
5.400000000000000355e-01 -1.639474341508260768e-01
5.450000000000000400e-01 -1.648007772909581559e-01
5.500000000000000444e-01 -1.656392356354273732e-01
5.550000000000000488e-01 -1.664727294026387416e-01
5.600000000000000533e-01 -1.672893640909967339e-01
5.650000000000000577e-01 -1.680920754712025289e-01
5.700000000000000622e-01 -1.688769598021157836e-01
5.750000000000000666e-01 -1.696413862171964049e-01
5.800000000000000711e-01 -1.703898681641943524e-01
5.850000000000000755e-01 -1.711439164912162691e-01
5.900000000000000799e-01 -1.719059277588441681e-01
5.950000000000000844e-01 -1.726646071185296560e-01
5.999999999999999778e-01 -1.734194062134214176e-01
6.049999999999999822e-01 -1.741774634851894210e-01
6.099999999999999867e-01 -1.749394682212528640e-01
6.149999999999999911e-01 -1.756878149489442542e-01
6.199999999999999956e-01 -1.764348965343792708e-01
6.250000000000000000e-01 -1.772041106306036229e-01
6.300000000000000044e-01 -1.779601138121182924e-01
6.350000000000000089e-01 -1.787189720998177689e-01
6.400000000000000133e-01 -1.794529584273444889e-01
6.450000000000000178e-01 -1.801894146471941516e-01
6.500000000000000222e-01 -1.809266880524530996e-01
6.550000000000000266e-01 -1.816322314282106942e-01
6.600000000000000311e-01 -1.823181148221487968e-01
6.650000000000000355e-01 -1.830012978455705097e-01
6.700000000000000400e-01 -1.836825386580087927e-01
6.750000000000000444e-01 -1.843693142023448972e-01
6.800000000000000488e-01 -1.850541787227585055e-01
6.850000000000000533e-01 -1.857333251916178929e-01
6.900000000000000577e-01 -1.863944199740121543e-01
6.950000000000000622e-01 -1.870530847204814606e-01
7.000000000000000666e-01 -1.877228966303494118e-01
7.050000000000000711e-01 -1.883868570901582884e-01
7.100000000000000755e-01 -1.890554419358015381e-01
7.150000000000000799e-01 -1.897267630240259129e-01
7.200000000000000844e-01 -1.903976288096171643e-01
7.249999999999999778e-01 -1.910620731473266776e-01
7.299999999999999822e-01 -1.917353639026175838e-01
7.349999999999999867e-01 -1.924133692790338523e-01
7.399999999999999911e-01 -1.930868912183370256e-01
7.449999999999999956e-01 -1.937652661251121622e-01
7.500000000000000000e-01 -1.944444053510465953e-01
7.550000000000000044e-01 -1.951300756161806482e-01
7.600000000000000089e-01 -1.958082523527636676e-01
7.650000000000000133e-01 -1.964926030068251117e-01
7.700000000000000178e-01 -1.971626985036994406e-01
7.750000000000000222e-01 -1.978312012907219863e-01
7.800000000000000266e-01 -1.984982466844720239e-01
7.850000000000000311e-01 -1.991630626091765999e-01
7.900000000000000355e-01 -1.998245401666604582e-01
7.950000000000000400e-01 -2.004840617856301077e-01
8.000000000000000444e-01 -2.011423111552448351e-01
8.050000000000000488e-01 -2.017938472972193864e-01
8.100000000000000533e-01 -2.024405392717064933e-01
8.150000000000000577e-01 -2.030733746910184379e-01
8.200000000000000622e-01 -2.036963455789499444e-01
8.250000000000000666e-01 -2.043109126511779283e-01
8.300000000000000711e-01 -2.049295125796411488e-01
8.350000000000000755e-01 -2.055622740341838117e-01
8.400000000000000799e-01 -2.061881598704775886e-01
8.450000000000000844e-01 -2.068018097290635071e-01
8.500000000000000888e-01 -2.074093828385017713e-01
8.550000000000000933e-01 -2.080096636201697324e-01
8.600000000000000977e-01 -2.086212904045919581e-01
8.650000000000001021e-01 -2.092406860797689783e-01
8.700000000000001066e-01 -2.098562839903859722e-01
8.750000000000001110e-01 -2.104692320632703395e-01
8.799999999999998934e-01 -2.110859660769520696e-01
8.850000000000000089e-01 -2.117142569546240638e-01
8.899999999999999023e-01 -2.123345428647335498e-01
8.950000000000000178e-01 -2.129425245108111930e-01
8.999999999999999112e-01 -2.135514056498862556e-01
9.050000000000000266e-01 -2.141592555887603389e-01
9.099999999999999201e-01 -2.147649104069987991e-01
9.150000000000000355e-01 -2.153839154460503724e-01
9.199999999999999289e-01 -2.160072248249230442e-01
9.250000000000000444e-01 -2.166227156452109615e-01
9.299999999999999378e-01 -2.172337799211955800e-01
9.350000000000000533e-01 -2.178384673302415642e-01
9.399999999999999467e-01 -2.184385211119539705e-01
9.450000000000000622e-01 -2.190435707202260107e-01
9.499999999999999556e-01 -2.196414633310094511e-01
9.550000000000000711e-01 -2.202435044638330619e-01
9.599999999999999645e-01 -2.208401662145712818e-01
9.650000000000000799e-01 -2.214384446641200488e-01
9.699999999999999734e-01 -2.220367053344421693e-01
9.750000000000000888e-01 -2.226139471239697021e-01
9.799999999999999822e-01 -2.231928113160155380e-01
9.850000000000000977e-01 -2.237560194208390307e-01
9.899999999999999911e-01 -2.243137315711821733e-01
9.950000000000001066e-01 -2.248787877695893611e-01
1.000000000000000000e+00 -2.254420138448100519e-01
1.005000000000000115e+00 -2.260153392909856895e-01
1.010000000000000009e+00 -2.265863095472965827e-01
1.015000000000000124e+00 -2.271556804763741888e-01
1.020000000000000018e+00 -2.277219753053376372e-01
1.025000000000000133e+00 -2.282885078960790182e-01
1.030000000000000027e+00 -2.288595523353712247e-01
1.035000000000000142e+00 -2.294182623498558504e-01
1.040000000000000036e+00 -2.299580221057267171e-01
1.044999999999999929e+00 -2.304980038816505372e-01
1.050000000000000044e+00 -2.310437545444779250e-01
1.054999999999999938e+00 -2.315920145870799807e-01
1.060000000000000053e+00 -2.321314958629327740e-01
1.064999999999999947e+00 -2.326764844622944972e-01
1.070000000000000062e+00 -2.332135632910792011e-01
1.074999999999999956e+00 -2.337480792581937972e-01
1.080000000000000071e+00 -2.342699042049968539e-01
1.084999999999999964e+00 -2.347883462627898266e-01
1.090000000000000080e+00 -2.353100737429285605e-01
1.094999999999999973e+00 -2.358185786514157556e-01
1.100000000000000089e+00 -2.363306431707628275e-01
1.104999999999999982e+00 -2.368469692253117875e-01
1.110000000000000098e+00 -2.373626859305546510e-01
1.114999999999999991e+00 -2.378627649315993853e-01
1.120000000000000107e+00 -2.383547391261052195e-01
1.125000000000000000e+00 -2.388571550436135726e-01
1.130000000000000115e+00 -2.393847865163597766e-01
1.135000000000000009e+00 -2.399279444710285258e-01
1.140000000000000124e+00 -2.404509360148588404e-01
1.145000000000000018e+00 -2.409632319138032275e-01
1.150000000000000133e+00 -2.414864047845845796e-01
1.155000000000000027e+00 -2.420036402638920114e-01
1.160000000000000142e+00 -2.425045465393231015e-01
1.165000000000000036e+00 -2.430055541744179926e-01
1.170000000000000151e+00 -2.435213783161739864e-01
1.175000000000000044e+00 -2.440351426932301782e-01
1.180000000000000160e+00 -2.445384685693259286e-01
1.185000000000000053e+00 -2.450503892931905348e-01
1.190000000000000169e+00 -2.455663272773817019e-01
1.195000000000000062e+00 -2.460742477829110375e-01
1.199999999999999956e+00 -2.465849743745465172e-01
1.205000000000000071e+00 -2.470949909016528223e-01
1.209999999999999964e+00 -2.476249239551936709e-01
1.214999999999999858e+00 -2.481554071508686177e-01
1.219999999999999973e+00 -2.486918938460554451e-01
1.225000000000000089e+00 -2.492173794100703277e-01
1.229999999999999982e+00 -2.497307004084021453e-01
1.234999999999999876e+00 -2.502459237092659605e-01
1.239999999999999991e+00 -2.507484492992218539e-01
1.245000000000000107e+00 -2.512597733293845947e-01
1.250000000000000000e+00 -2.517773440268650798e-01
1.254999999999999893e+00 -2.522946557768810938e-01
1.260000000000000009e+00 -2.528233591686991355e-01
1.265000000000000124e+00 -2.533644813060674239e-01
1.270000000000000018e+00 -2.538977846765215207e-01
1.274999999999999911e+00 -2.544208844554031734e-01
1.280000000000000027e+00 -2.549457736763014459e-01
1.285000000000000142e+00 -2.554496106290631841e-01
1.290000000000000036e+00 -2.559539437954311825e-01
1.294999999999999929e+00 -2.564678952928263200e-01
1.300000000000000044e+00 -2.569720664753203376e-01
1.305000000000000160e+00 -2.574833218177209337e-01
1.310000000000000053e+00 -2.579815227530105060e-01
1.314999999999999947e+00 -2.584811594592590911e-01
1.320000000000000062e+00 -2.589905753405228328e-01
1.325000000000000178e+00 -2.594979967771471885e-01
1.330000000000000071e+00 -2.600012084198913831e-01
1.334999999999999964e+00 -2.605159060123000136e-01
1.340000000000000080e+00 -2.610263624002689409e-01
1.345000000000000195e+00 -2.615453197535115848e-01
1.350000000000000089e+00 -2.620620211987612080e-01
1.354999999999999982e+00 -2.625702069042647468e-01
1.360000000000000098e+00 -2.630751270334593106e-01
1.365000000000000213e+00 -2.635870007798464809e-01
1.370000000000000107e+00 -2.641012174056029949e-01
1.375000000000000000e+00 -2.646168258752003566e-01
1.380000000000000115e+00 -2.651354755201574265e-01
1.385000000000000231e+00 -2.656511137969223002e-01
1.390000000000000124e+00 -2.661809101737439009e-01
1.395000000000000018e+00 -2.667148917889859416e-01
1.400000000000000133e+00 -2.672454996120666726e-01
1.405000000000000249e+00 -2.677820890043728919e-01
1.410000000000000142e+00 -2.683242006866710661e-01
1.415000000000000036e+00 -2.688569573410440339e-01
1.420000000000000151e+00 -2.693838449908053101e-01
1.425000000000000266e+00 -2.699157827775721108e-01
1.430000000000000160e+00 -2.704564523806042287e-01
1.435000000000000053e+00 -2.710014489187736464e-01
1.440000000000000169e+00 -2.715315245801679933e-01
1.444999999999999840e+00 -2.720581686915284902e-01
1.449999999999999956e+00 -2.725970722311124583e-01
1.454999999999999849e+00 -2.731350150933680720e-01
1.459999999999999964e+00 -2.736699273708592117e-01
1.464999999999999858e+00 -2.742145892542610652e-01
1.469999999999999973e+00 -2.747563224722014974e-01
1.474999999999999867e+00 -2.752907707976770535e-01
1.479999999999999982e+00 -2.758229852976566976e-01
1.484999999999999876e+00 -2.763732371509906027e-01
1.489999999999999991e+00 -2.769127797351220721e-01
1.494999999999999885e+00 -2.774540568474332392e-01
1.500000000000000000e+00 -2.779801517471347516e-01
1.504999999999999893e+00 -2.785190597414098912e-01
1.510000000000000009e+00 -2.790422305297517447e-01
1.514999999999999902e+00 -2.795548179118522159e-01
1.520000000000000018e+00 -2.800689543973962081e-01
1.524999999999999911e+00 -2.805849120953061715e-01
1.530000000000000027e+00 -2.811017549735229104e-01
1.534999999999999920e+00 -2.816169888835143853e-01
1.540000000000000036e+00 -2.821322834688380077e-01
1.544999999999999929e+00 -2.826503862583914506e-01
1.550000000000000044e+00 -2.831795305751271807e-01
1.554999999999999938e+00 -2.837152717844328431e-01
1.560000000000000053e+00 -2.842590976218866694e-01
1.564999999999999947e+00 -2.848012440088580899e-01
1.570000000000000062e+00 -2.853254673455403734e-01
1.574999999999999956e+00 -2.858497254993637715e-01
1.580000000000000071e+00 -2.863731960992742520e-01
1.584999999999999964e+00 -2.869056556389912305e-01
1.590000000000000080e+00 -2.874375369085757081e-01
1.594999999999999973e+00 -2.879681928630800636e-01
1.600000000000000089e+00 -2.885103860627170058e-01
1.604999999999999982e+00 -2.890591063223591495e-01
1.610000000000000098e+00 -2.896115233272266720e-01
1.614999999999999991e+00 -2.901789019495878974e-01
1.620000000000000107e+00 -2.907438747189777239e-01
1.625000000000000000e+00 -2.913056814316090648e-01
1.630000000000000115e+00 -2.918586254972216909e-01
1.635000000000000009e+00 -2.924057154964894711e-01
1.640000000000000124e+00 -2.929554733661673405e-01
1.645000000000000018e+00 -2.935030322238327272e-01
1.650000000000000133e+00 -2.940459116159389596e-01
1.655000000000000027e+00 -2.945940817769175379e-01
1.660000000000000142e+00 -2.951415990922843791e-01
1.665000000000000036e+00 -2.956798101303478865e-01
1.670000000000000151e+00 -2.962142409838353085e-01
1.675000000000000044e+00 -2.967527534639639586e-01
1.680000000000000160e+00 -2.973056198047252519e-01
1.685000000000000053e+00 -2.978596302926933004e-01
1.690000000000000169e+00 -2.984107309268425046e-01
1.695000000000000062e+00 -2.989488018848412421e-01
1.700000000000000178e+00 -2.994979897274590019e-01
1.705000000000000071e+00 -3.000398063831783424e-01
1.710000000000000187e+00 -3.005697633658464540e-01
1.715000000000000080e+00 -3.011013603087069335e-01
1.720000000000000195e+00 -3.016307070123759870e-01
1.725000000000000089e+00 -3.021705537326319080e-01
1.730000000000000204e+00 -3.027198141273231280e-01
1.735000000000000098e+00 -3.032607426968806363e-01
1.740000000000000213e+00 -3.037953813076150755e-01
1.745000000000000107e+00 -3.043227472252790222e-01
1.750000000000000222e+00 -3.048641482326558960e-01
1.755000000000000115e+00 -3.054114912926388370e-01
1.759999999999999787e+00 -3.059592998347926418e-01
1.764999999999999902e+00 -3.065212290538063544e-01
1.770000000000000018e+00 -3.070805315583880479e-01
1.774999999999999911e+00 -3.076515070437966792e-01
1.779999999999999805e+00 -3.082312448106973579e-01
1.784999999999999920e+00 -3.087982727181682874e-01
1.790000000000000036e+00 -3.093776751865564556e-01
1.794999999999999929e+00 -3.099418938798971790e-01
1.799999999999999822e+00 -3.105170121208427614e-01
1.804999999999999938e+00 -3.111011023099847228e-01
1.810000000000000053e+00 -3.116878880564117327e-01
1.814999999999999947e+00 -3.122695826700360722e-01
1.819999999999999840e+00 -3.128565632354627368e-01
1.824999999999999956e+00 -3.134436623697789415e-01
1.830000000000000071e+00 -3.140364440196564133e-01
1.834999999999999964e+00 -3.146296646817862142e-01
1.839999999999999858e+00 -3.152199932032521690e-01
1.844999999999999973e+00 -3.158155280718621949e-01
1.850000000000000089e+00 -3.164187219505877890e-01
1.854999999999999982e+00 -3.169994795381541053e-01
1.859999999999999876e+00 -3.175688799936042250e-01
1.864999999999999991e+00 -3.181262821561275378e-01
1.870000000000000107e+00 -3.186731348295812616e-01
1.875000000000000000e+00 -3.192248571864494955e-01
1.879999999999999893e+00 -3.197787590660938761e-01
1.885000000000000009e+00 -3.203194052560615623e-01
1.890000000000000124e+00 -3.208520145612382413e-01
1.895000000000000018e+00 -3.213754280014744502e-01
1.899999999999999911e+00 -3.219021270304655569e-01
1.905000000000000027e+00 -3.224268201484981056e-01
1.910000000000000142e+00 -3.229503189762604753e-01
1.915000000000000036e+00 -3.234780846133463728e-01
1.919999999999999929e+00 -3.240048809637132710e-01
1.925000000000000044e+00 -3.245425221140449956e-01
1.930000000000000160e+00 -3.250843253062810634e-01
1.935000000000000053e+00 -3.256258995994671945e-01
1.939999999999999947e+00 -3.261673695023281083e-01
1.945000000000000062e+00 -3.266902537640116178e-01
1.950000000000000178e+00 -3.272238424727393902e-01
1.955000000000000071e+00 -3.277549426231057272e-01
1.959999999999999964e+00 -3.282680878594279039e-01
1.965000000000000080e+00 -3.287793540419985949e-01
1.970000000000000195e+00 -3.292719785814065547e-01
1.975000000000000089e+00 -3.297601482574936127e-01
1.979999999999999982e+00 -3.302297537307770647e-01
1.985000000000000098e+00 -3.307015722396922652e-01
1.990000000000000213e+00 -3.311750558067791395e-01
1.995000000000000107e+00 -3.316517666385543905e-01
2.000000000000000000e+00 -3.321179622976062618e-01
2.004999999999999893e+00 -3.325890938332602409e-01
2.010000000000000231e+00 -3.330610798590676880e-01
2.015000000000000124e+00 -3.335234088345367387e-01
2.020000000000000018e+00 -3.339975452650313370e-01
2.025000000000000355e+00 -3.344472547920638861e-01
2.030000000000000249e+00 -3.348999677648427653e-01
2.035000000000000142e+00 -3.353417307965724237e-01
2.040000000000000036e+00 -3.357884115340714626e-01
2.044999999999999929e+00 -3.362349220608273903e-01
2.050000000000000266e+00 -3.366816057465957246e-01
2.055000000000000160e+00 -3.371275134514034044e-01
2.060000000000000053e+00 -3.375818331805244266e-01
2.065000000000000391e+00 -3.380252515766735133e-01
2.070000000000000284e+00 -3.384682804070329731e-01
2.075000000000000178e+00 -3.389130847300905192e-01
2.080000000000000071e+00 -3.393604401971262452e-01
2.084999999999999964e+00 -3.398084412015504041e-01
2.089999999999999858e+00 -3.402619635431941014e-01
2.094999999999999751e+00 -3.407160665949096057e-01
2.100000000000000089e+00 -3.411791177241876305e-01
2.104999999999999982e+00 -3.416458465512339226e-01
2.109999999999999876e+00 -3.421118781248415619e-01
2.114999999999999769e+00 -3.425780872322227721e-01
2.120000000000000107e+00 -3.430554663185575448e-01
2.125000000000000000e+00 -3.435284336783718251e-01
2.129999999999999893e+00 -3.440023047775900289e-01
2.134999999999999787e+00 -3.444826376486571640e-01
2.140000000000000124e+00 -3.449764071976450519e-01
2.145000000000000018e+00 -3.454694430766467872e-01
2.149999999999999911e+00 -3.459634463210987665e-01
2.154999999999999805e+00 -3.464400744741337190e-01
2.160000000000000142e+00 -3.469335103572698809e-01
2.165000000000000036e+00 -3.474402416981631214e-01
2.169999999999999929e+00 -3.479563810395779333e-01
2.174999999999999822e+00 -3.484761521550389651e-01
2.180000000000000160e+00 -3.489950781311472738e-01
2.185000000000000053e+00 -3.495116145578474609e-01
2.189999999999999947e+00 -3.500349565522662409e-01
2.194999999999999840e+00 -3.505653262317966479e-01
2.200000000000000178e+00 -3.510869593638164532e-01
2.205000000000000071e+00 -3.516149284378728423e-01
2.209999999999999964e+00 -3.521383531850327819e-01
2.214999999999999858e+00 -3.526656212295536386e-01
2.220000000000000195e+00 -3.531975291256431726e-01
2.225000000000000089e+00 -3.537312895764578857e-01
2.229999999999999982e+00 -3.542737682744601657e-01
2.234999999999999876e+00 -3.548243214952311320e-01
2.240000000000000213e+00 -3.553706341557041348e-01
2.245000000000000107e+00 -3.559184411195129294e-01
2.250000000000000000e+00 -3.564714400302028130e-01
2.254999999999999893e+00 -3.570307466996264778e-01
2.260000000000000231e+00 -3.575937818710226979e-01
2.265000000000000124e+00 -3.581761144161353383e-01
2.270000000000000018e+00 -3.587546363477048805e-01
2.274999999999999911e+00 -3.593360296665483178e-01
2.280000000000000249e+00 -3.599207359444571153e-01
2.285000000000000142e+00 -3.605006421412303430e-01
2.290000000000000036e+00 -3.610688697606087016e-01
2.294999999999999929e+00 -3.616388917789089552e-01
2.300000000000000266e+00 -3.622043433353719366e-01
2.305000000000000160e+00 -3.627771563575989400e-01
2.310000000000000053e+00 -3.633678494397612480e-01
2.314999999999999947e+00 -3.639341460438095810e-01
2.320000000000000284e+00 -3.644979477807546719e-01
2.325000000000000178e+00 -3.650698448667700768e-01
2.330000000000000071e+00 -3.656431163550277752e-01
2.334999999999999964e+00 -3.662177231615800777e-01
2.340000000000000302e+00 -3.668085406416747296e-01
2.345000000000000195e+00 -3.673765431488335009e-01
2.350000000000000089e+00 -3.679568471694005805e-01
2.354999999999999982e+00 -3.685289835666505920e-01
2.360000000000000320e+00 -3.691109071207773762e-01
2.365000000000000213e+00 -3.696891376604445334e-01
2.370000000000000107e+00 -3.702653819807427693e-01
2.375000000000000000e+00 -3.708368325675394095e-01
2.380000000000000338e+00 -3.713885323438076980e-01
2.385000000000000231e+00 -3.719261148731431432e-01
2.390000000000000124e+00 -3.724594038956147157e-01
2.395000000000000018e+00 -3.730177705401384602e-01
2.399999999999999911e+00 -3.735667530012765636e-01
2.404999999999999805e+00 -3.741253717771327314e-01
2.410000000000000142e+00 -3.746797465542747729e-01
2.415000000000000036e+00 -3.752417535236257651e-01
2.419999999999999929e+00 -3.758017276509285076e-01
2.424999999999999822e+00 -3.763595769833172899e-01
2.429999999999999716e+00 -3.769038201306925129e-01
2.435000000000000053e+00 -3.774443810077699468e-01
2.439999999999999947e+00 -3.779780764227456125e-01
2.444999999999999840e+00 -3.785067550138400128e-01
2.450000000000000178e+00 -3.790365149120775157e-01
2.455000000000000071e+00 -3.795831017197460744e-01
2.459999999999999964e+00 -3.801459451901029185e-01
2.464999999999999858e+00 -3.807138858087800171e-01
2.469999999999999751e+00 -3.812961651065642221e-01
2.475000000000000089e+00 -3.818832451767645297e-01
2.479999999999999982e+00 -3.824706575148258958e-01
2.484999999999999876e+00 -3.830440057424727152e-01
2.490000000000000213e+00 -3.836065178877268722e-01
2.495000000000000107e+00 -3.841827588685725048e-01
