1.000000000000000000e+00 9.237174397000000314e-02 1.000696799875016620e-03 7.608506702899998637e-05 4.843652715051033136e-05
1.584893192461113598e+00 1.374915602250000035e-01 1.063742528785228611e-03 7.416468951067502701e-05 4.476914897635579904e-05
2.511886431509580131e+00 1.831323928499999920e-01 1.088586405446580934e-03 9.260429490774999071e-05 5.413185764350498901e-05
3.981071705534972249e+00 2.324764685750000393e-01 1.491235126766859639e-03 1.147344339169749995e-04 4.174463319844342473e-05
6.309573444801933384e+00 2.853185305750000067e-01 1.876176410922202314e-03 6.965765431200000846e-05 4.645518793036625067e-05
1.000000000000000000e+01 3.472602657000000148e-01 2.231694819302735677e-03 1.013763184570750140e-04 3.872329887992298952e-05
1.584893192461113287e+01 4.163962050000000192e-01 3.104702438499645431e-03 7.910378243850002284e-05 4.262706649362893891e-05
2.511886431509579509e+01 4.866018976749996727e-01 2.821405501474442187e-03 6.853954322425000862e-05 3.327939762280874057e-05
3.981071705534973404e+01 5.674055722499999899e-01 4.287437788608478711e-03 9.195720508250000084e-05 3.186471807929106177e-05
6.309573444801932851e+01 6.444571682249997657e-01 4.209341192159552283e-03 6.835176526449999958e-05 3.683046477607545974e-05
1.000000000000000000e+02 7.299474973499999741e-01 6.131123683415081078e-03 8.069653654035003276e-05 4.119056583535826764e-05
1.584893192461114211e+02 8.121085855249997598e-01 5.925515879231493289e-03 6.385999912449999839e-05 3.522038633057589273e-05
2.511886431509579722e+02 8.962380835500001197e-01 7.364009808945445705e-03 5.763247546275000212e-05 3.078707523821026294e-05
3.981071705534973262e+02 9.839826606500000628e-01 6.641056066050350301e-03 6.140606492107501401e-05 3.531018756864504960e-05
6.309573444801930009e+02 1.071806975249999905e+00 1.007715566254553316e-02 5.290556974925001267e-05 3.636920625051947458e-05
1.000000000000000000e+03 1.159247779500000020e+00 9.418439743392532232e-03 4.769538622200000268e-05 2.788337527477806034e-05
1.584893192461114040e+03 1.248689287749999988e+00 9.974728102544561797e-03 4.837191928249999804e-05 3.274033243996498927e-05
2.511886431509579779e+03 1.337310128249999952e+00 1.041582262469006696e-02 5.413709850824999215e-05 3.726414830112165526e-05
3.981071705534973262e+03 1.438673870250000153e+00 1.067603881700737722e-02 6.360665090950000616e-05 3.860781284709376360e-05
6.309573444801930236e+03 1.541349243999999619e+00 1.089493871921220353e-02 5.058272343525002359e-05 2.989110517794726620e-05
