1.000000000000000000e+00 3.328180642242548233e-03 4.922678531175101157e-05
1.584893192461114708e+00 5.799111596388220949e-03 3.987238758240370574e-05
2.511886431509580131e+00 1.031878204462551366e-02 5.589600066219827760e-05
3.981071705534970029e+00 1.676721460531779145e-02 6.039080173880159187e-05
6.309573444801936049e+00 2.212059202524815915e-02 5.319010764414987085e-05
1.000000000000000000e+01 2.559135621282909723e-02 6.022037448778217030e-05
1.584893192461113642e+01 2.754824337785585775e-02 5.732602257955223452e-05
2.511886431509581286e+01 2.842187138781435141e-02 5.019893093233573819e-05
3.981071705534971272e+01 2.866415304560105543e-02 6.687426505498511868e-05
6.309573444801934272e+01 2.846478948152119173e-02 6.576681323340775940e-05
1.000000000000000000e+02 2.793828254355360668e-02 5.993178643561808356e-05
1.584893192461113642e+02 2.740317583994012623e-02 5.383687525055996006e-05
2.511886431509579722e+02 2.677868265575571519e-02 5.125431118097790480e-05
3.981071705534976672e+02 2.620460674613787205e-02 5.322616316857344194e-05
6.309573444801933420e+02 2.565051208115094045e-02 5.272745792196685733e-05
1.000000000000000000e+03 2.515422652089408656e-02 5.489218615876245266e-05
1.584893192461115177e+03 2.468595104593366424e-02 5.078539012363434113e-05
2.511886431509580689e+03 2.432360529155895568e-02 5.542583372275963841e-05
3.981071705534969624e+03 2.401948091909785962e-02 5.111845720525325174e-05
6.309573444801933874e+03 2.375285508231926232e-02 5.019677139903937045e-05
