1.000000000000000000e+00 1.768944225000000344e-03 1.975319614459706381e-04 7.462576275000000481e-03 3.800068514294708795e-04
1.584893192461113598e+00 4.531886574999999598e-03 2.782525431542889525e-04 7.599898550000000301e-03 4.653843578406666594e-04
2.511886431509580131e+00 1.158620770000000008e-02 4.595233402141843913e-04 7.631924199999999200e-03 3.082733365816301015e-04
3.981071705534972249e+00 2.798167055000000403e-02 6.174862405986262983e-04 7.425353974999997393e-03 3.924413825818416331e-04
6.309573444801933384e+00 5.999155240000000194e-02 8.598699430049606615e-04 7.740895174999999975e-03 3.607722231111957318e-04
1.000000000000000000e+01 1.017420957250000091e-01 1.097237059088447281e-03 7.322992500000002729e-03 3.803975568144529274e-04
1.584893192461113287e+01 1.442422811749999867e-01 1.194814629399317592e-03 7.478615799999997760e-03 3.785977918633453426e-04
2.511886431509579509e+01 1.881396726749999804e-01 1.298009761946766240e-03 7.076914049999999054e-03 4.157414729668603001e-04
3.981071705534973404e+01 2.366648659499999974e-01 1.502710297302001143e-03 7.037161149999998644e-03 3.741007274789676226e-04
6.309573444801932851e+01 2.896697072250000171e-01 2.190969153711766048e-03 7.241982275000000309e-03 4.011131218037686024e-04
1.000000000000000000e+02 3.519035946250000935e-01 2.479924705203186315e-03 6.699275174999999929e-03 3.728942532164640977e-04
1.584893192461114211e+02 4.177060577999999746e-01 2.941549138330675807e-03 6.149562925000001852e-03 3.735862634300235333e-04
2.511886431509579722e+02 4.895174101750000561e-01 3.487914619787263557e-03 5.782151449999999200e-03 3.776535100255387677e-04
3.981071705534973262e+02 5.699018493749997694e-01 4.299156354964060907e-03 5.499400425000000245e-03 3.136737890664909566e-04
6.309573444801930009e+02 6.433370094750000545e-01 4.856122419501863845e-03 5.219674225000001805e-03 3.401881927179607875e-04
1.000000000000000000e+03 7.249722330000000214e-01 5.918411638104243214e-03 5.066033149999998701e-03 2.432620009739863297e-04
1.584893192461114040e+03 8.169112468750000522e-01 6.996182763837843765e-03 4.601384900000000770e-03 3.798352015560485691e-04
2.511886431509579779e+03 8.925151360000000977e-01 9.382477673469717672e-03 4.778035949999999595e-03 3.074948985586749024e-04
3.981071705534973262e+03 9.834717288499998933e-01 9.273752080710132711e-03 4.546269400000000488e-03 2.549885205579537225e-04
6.309573444801930236e+03 1.073261852424999940e+00 8.163730013370784633e-03 4.101985674999999304e-03 2.921135110746623945e-04
