1.000000000000000000e+00 1.375506597750000282e-01 1.237857415671529725e-03 3.516263907000000328e-05 3.070489857542183019e-05
1.584893192461113598e+00 1.842371294999999576e-01 1.132549586796163365e-03 4.009789242150001262e-05 2.823274847065771576e-05
2.511886431509580131e+00 2.319401443249999861e-01 1.659345770943717073e-03 2.013010054435000507e-05 2.606135589565426925e-05
3.981071705534972249e+00 2.880352697499999892e-01 1.863364655091534570e-03 3.689750933099999282e-05 2.915592562487643729e-05
6.309573444801933384e+00 3.500873968499999545e-01 2.476523667392603861e-03 4.237136075750000229e-05 3.137266625124167374e-05
1.000000000000000000e+01 4.162462412749999840e-01 2.652981507788918555e-03 2.310402468925000800e-05 2.617194091395111017e-05
1.584893192461113287e+01 4.895488127999998440e-01 3.815262859748898196e-03 2.434642711849999917e-05 2.706109660584447941e-05
2.511886431509579509e+01 5.676210951000000282e-01 3.578472644785156333e-03 4.486614557625000254e-05 2.258221414598473290e-05
3.981071705534973404e+01 6.465031558250001753e-01 4.250987241406308480e-03 2.236505973827500600e-05 2.245857076427837720e-05
6.309573444801932851e+01 7.281883449999997371e-01 4.915546336947810603e-03 3.503112878574999900e-05 2.269263758657371911e-05
1.000000000000000000e+02 8.124837872999999266e-01 6.850367636802001323e-03 1.543641842625000077e-05 2.618799257174428370e-05
1.584893192461114211e+02 9.018182235249995182e-01 8.013432321306282816e-03 6.684038092400003246e-06 2.201094565567956072e-05
2.511886431509579722e+02 9.923376856750000252e-01 6.993054138974613351e-03 2.725493630199999948e-05 2.082039858870229717e-05
3.981071705534973262e+02 1.070450251600000069e+00 8.978169032926034548e-03 2.419103318624999841e-05 2.047994559244383891e-05
6.309573444801930009e+02 1.162091146500000338e+00 8.436121168926027231e-03 2.648966645124999775e-05 2.227041966389897059e-05
1.000000000000000000e+03 1.247287197749999743e+00 1.036643764115080177e-02 1.080142318400000240e-05 1.873289299313441410e-05
1.584893192461114040e+03 1.341335568750000151e+00 9.644116464773434469e-03 8.252315643500001701e-06 2.424977416820416691e-05
2.511886431509579779e+03 1.447003575749999937e+00 1.167165881792976354e-02 2.584515118350000519e-05 1.897738636430376874e-05
3.981071705534973262e+03 1.546688676500000081e+00 1.359768311882754432e-02 1.314189197175000289e-05 2.411645330303217280e-05
6.309573444801930236e+03 1.652108147749999700e+00 1.387389225266899215e-02 1.425124415249999518e-05 1.958355266667150996e-05
