1.000000000000000000e+00 4.018059826171533136e-03 4.345673727585355338e-05
1.584893192461114708e+00 6.786418870546334463e-03 5.381356997098086180e-05
2.511886431509580131e+00 9.396654409262355720e-03 6.253688134353185943e-05
3.981071705534970029e+00 1.113846611864709006e-02 4.885508192160023972e-05
6.309573444801936049e+00 1.221333236904725492e-02 6.138369153572739560e-05
1.000000000000000000e+01 1.270361593796273149e-02 6.457612928614262307e-05
1.584893192461113642e+01 1.284779049114089314e-02 5.282835991619519157e-05
2.511886431509581286e+01 1.282449065182015256e-02 4.951309899843162288e-05
3.981071705534971272e+01 1.263646852716694170e-02 5.943865416266921295e-05
6.309573444801934272e+01 1.235123339874395418e-02 7.171160606033770359e-05
1.000000000000000000e+02 1.209444501961897192e-02 4.879727360801231872e-05
1.584893192461113642e+02 1.177066179363564676e-02 4.456467771087556633e-05
2.511886431509579722e+02 1.153735692475709070e-02 4.906977931199166200e-05
3.981071705534976672e+02 1.129049834136361743e-02 5.868663854430859517e-05
6.309573444801933420e+02 1.114230340024216157e-02 5.018043302525621361e-05
1.000000000000000000e+03 1.093081057685026634e-02 4.257366721611282478e-05
1.584893192461115177e+03 1.083091758948602143e-02 5.956063643385986950e-05
2.511886431509580689e+03 1.066610600611754556e-02 4.128252986093351945e-05
3.981071705534969624e+03 1.056517754327050175e-02 5.260118917755506371e-05
6.309573444801933874e+03 1.046897019618185654e-02 4.076712324253114805e-05
