1.000000000000000000e+00 6.995440199999999539e-03 3.438072449683049286e-04 1.920026775000000397e-03 2.044885077213324360e-04
1.584893192461113598e+00 1.851007827500000466e-02 3.983020688672981040e-04 1.863534174999999541e-03 2.248666414561849877e-04
2.511886431509580131e+00 4.121336769999998928e-02 8.421290245795539416e-04 1.855090924999999984e-03 1.862828579853415900e-04
3.981071705534972249e+00 8.132475194999996826e-02 1.004599262008115407e-03 2.074480599999999845e-03 2.042472082058748614e-04
6.309573444801933384e+00 1.250975030499999752e-01 1.137364638191881803e-03 1.900098224999999990e-03 1.731585936821428595e-04
1.000000000000000000e+01 1.699385277000000083e-01 1.388846848880948611e-03 1.987048025000000273e-03 1.943898762350355371e-04
1.584893192461113287e+01 2.169365625500000172e-01 1.377255032876844448e-03 1.904885899999999698e-03 1.897352840197731800e-04
2.511886431509579509e+01 2.708232707500000669e-01 1.674181305458018101e-03 1.795384238874999771e-03 2.032109725254838649e-04
3.981071705534973404e+01 3.292793097749999731e-01 2.030021206485026035e-03 1.843021055500000021e-03 2.244588533244450384e-04
6.309573444801932851e+01 3.939777036500001772e-01 2.553219426587006839e-03 1.525997388750000364e-03 1.941252658072030869e-04
1.000000000000000000e+02 4.678219866999999144e-01 3.727458057514810522e-03 1.578325285900000069e-03 1.924219494286910680e-04
1.584893192461114211e+02 5.433519416750000053e-01 3.628704330630084900e-03 1.343994233969999456e-03 1.648632053703449267e-04
2.511886431509579722e+02 6.197036643499999053e-01 4.582699487341674802e-03 1.377697024299999505e-03 1.675833890785947391e-04
3.981071705534973262e+02 7.071560434749997182e-01 5.207923739077413572e-03 1.335183254549999771e-03 1.830644836193701173e-04
6.309573444801930009e+02 7.852595951250000983e-01 6.302668447427798790e-03 1.261083374774999962e-03 1.734945944676242178e-04
1.000000000000000000e+03 8.638704497750001599e-01 6.981258440992413328e-03 1.166419740349999975e-03 1.544338105389153268e-04
1.584893192461114040e+03 9.619346481749996292e-01 8.398199045256102974e-03 1.202721630675000200e-03 1.701873410699976592e-04
2.511886431509579779e+03 1.038138129700000079e+00 7.210425157147484602e-03 1.160714013399999833e-03 1.316783267298160629e-04
3.981071705534973262e+03 1.133524334650000132e+00 1.069087678759428860e-02 1.144288760274999889e-03 1.106615650284233852e-04
6.309573444801930236e+03 1.217594520450000051e+00 1.289530921428195566e-02 1.023932611849999886e-03 1.274056640947271034e-04
