1.000000000000000000e+00 5.357323848050000656e-04 8.122221677477631393e-05 2.887151915749999742e-02 6.196616433121393194e-04
1.584893192461113598e+00 1.339032100000000017e-03 1.494208045163523979e-04 2.906472392500000085e-02 6.339523530438995799e-04
2.511886431509580131e+00 2.991198550000000872e-03 2.263904320604665931e-04 2.935108507500000519e-02 6.510704857635746679e-04
3.981071705534972249e+00 7.282615825000002437e-03 3.856226913690303463e-04 2.931734770000000295e-02 7.373789983705335022e-04
6.309573444801933384e+00 1.854835144999999325e-02 5.530497008992814410e-04 2.924484129999999071e-02 7.188933938645466256e-04
1.000000000000000000e+01 4.388134332499998846e-02 6.489861724573852287e-04 2.855198702500000296e-02 7.314980889807213595e-04
1.584893192461113287e+01 8.036090687500004048e-02 8.739639314672576625e-04 2.908436547499999164e-02 7.198283609695367525e-04
2.511886431509579509e+01 1.165473313000000150e-01 1.268223047896467354e-03 2.878505694999999170e-02 6.806010949464999602e-04
3.981071705534973404e+01 1.545754989749999753e-01 1.497230798931280509e-03 2.755187657500000539e-02 8.217352703152240676e-04
6.309573444801932851e+01 1.940519056000000464e-01 1.539927320547244743e-03 2.703747655000000166e-02 5.419236511133922966e-04
1.000000000000000000e+02 2.389686095500000440e-01 1.612011348787703580e-03 2.578971577500000639e-02 6.954911012171595582e-04
1.584893192461114211e+02 2.907453990000000710e-01 2.098292714718618789e-03 2.446464925000000484e-02 5.976341976870705886e-04
2.511886431509579722e+02 3.519316815249999841e-01 3.390026433917257137e-03 2.343355312499999579e-02 5.889388384352621953e-04
3.981071705534973262e+02 4.148959991749999743e-01 3.702451760443703499e-03 2.237895079999999495e-02 5.982511258415533799e-04
6.309573444801930009e+02 4.789943441999999219e-01 4.273640304314430850e-03 2.121979020000000493e-02 5.546400434526530584e-04
1.000000000000000000e+03 5.535583612250001284e-01 3.591970407184472656e-03 2.010003319999999552e-02 5.472962879246998829e-04
1.584893192461114040e+03 6.325633691999998920e-01 5.403850133059395072e-03 1.880420315000000397e-02 7.392788141016369118e-04
2.511886431509579779e+03 7.042624850749999998e-01 6.364517793086117703e-03 1.883193670000000292e-02 5.835928490724856792e-04
3.981071705534973262e+03 7.844855938249999383e-01 6.206900427554448013e-03 1.804492337500000071e-02 5.559987644227038861e-04
6.309573444801930236e+03 8.675526461249998267e-01 7.271350679598885189e-03 1.734931554999999750e-02 5.531762193993017360e-04
