1.000000000000000000e+00 4.062188111057620996e-03 5.306777277248232201e-05
1.584893192461114708e+00 5.211042900162043794e-03 5.259586271230561977e-05
2.511886431509580131e+00 5.882978366964507905e-03 7.244199000168844967e-05
3.981071705534970029e+00 6.183776093093345735e-03 5.260236278894346069e-05
6.309573444801936049e+00 6.435628956268715783e-03 5.520691097666430161e-05
1.000000000000000000e+01 6.419310320907705911e-03 5.235428916946091246e-05
1.584893192461113642e+01 6.348311131789077626e-03 5.620142836947567358e-05
2.511886431509581286e+01 6.249826442991641626e-03 6.217891810345864162e-05
3.981071705534971272e+01 6.118368114254928332e-03 4.726986441924366781e-05
6.309573444801934272e+01 5.976117616417010725e-03 4.507188926238206331e-05
1.000000000000000000e+02 5.815129845020755237e-03 5.071247698330414355e-05
1.584893192461113642e+02 5.702665351746650894e-03 4.576630809978208490e-05
2.511886431509579722e+02 5.591748534657480299e-03 5.342769099924789451e-05
3.981071705534976672e+02 5.532447164524370922e-03 5.262823166896595092e-05
6.309573444801933420e+02 5.424516816860487992e-03 5.158575391854524348e-05
1.000000000000000000e+03 5.369341375847149975e-03 5.349584827294905732e-05
1.584893192461115177e+03 5.294916012207162570e-03 5.236716300069859325e-05
2.511886431509580689e+03 5.275224626690891254e-03 5.005770709430560511e-05
3.981071705534969624e+03 5.234179462726702703e-03 4.366656500097298733e-05
6.309573444801933874e+03 5.179402374876280676e-03 4.816696933412313375e-05
