1.000000000000000000e+00 2.584438320862308177e-03 5.869585890996415454e-05
1.584893192461114708e+00 2.684444432871980687e-03 5.634183094676513257e-05
2.511886431509580131e+00 2.819920674876354519e-03 5.630866390407221765e-05
3.981071705534970029e+00 2.840312588968464495e-03 7.159504683078295282e-05
6.309573444801936049e+00 2.853216504356805450e-03 5.108508228600345353e-05
1.000000000000000000e+01 2.806273408600974423e-03 5.343496148550268266e-05
1.584893192461113642e+01 2.752975818145220795e-03 5.346634671331612409e-05
2.511886431509581286e+01 2.680884264500952956e-03 5.585511477811985596e-05
3.981071705534971272e+01 2.635884766028928454e-03 5.550175046888135700e-05
6.309573444801934272e+01 2.577430928504136336e-03 4.414546692349569535e-05
1.000000000000000000e+02 2.531938704833913527e-03 4.937016269579101979e-05
1.584893192461113642e+02 2.454993649738617875e-03 4.442396738046095199e-05
2.511886431509579722e+02 2.467239978393137752e-03 5.144605818382090188e-05
3.981071705534976672e+02 2.414787187379991134e-03 4.810633540102778234e-05
6.309573444801933420e+02 2.390614628199537635e-03 5.111006363988122381e-05
1.000000000000000000e+03 2.328331084094794820e-03 4.905226882840321354e-05
1.584893192461115177e+03 2.319550592715673501e-03 4.212429583637815930e-05
2.511886431509580689e+03 2.348730002195422058e-03 4.651419246506417228e-05
3.981071705534969624e+03 2.307231312360609899e-03 4.727857325982116080e-05
6.309573444801933874e+03 2.297070058254865356e-03 5.003185233705737434e-05
