1.000000000000000000e+00 3.242325355787081982e-03 5.481616004993006063e-05
1.584893192461114708e+00 5.147480957194409089e-03 4.695138639558843615e-05
2.511886431509580131e+00 8.267872735469496831e-03 5.242074893002289325e-05
3.981071705534970029e+00 1.355813687246806495e-02 4.028604894961374460e-05
6.309573444801936049e+00 2.387679070046621471e-02 4.805052382512900021e-05
1.000000000000000000e+01 4.395916848260406073e-02 5.684948875191989435e-05
1.584893192461113642e+01 6.796910152989368847e-02 5.716357193551083426e-05
2.511886431509581286e+01 8.580222432930027787e-02 5.140126457687757582e-05
3.981071705534971272e+01 9.645214683277227030e-02 5.836839347545398870e-05
6.309573444801934272e+01 1.023743140808645313e-01 6.913387728490100496e-05
1.000000000000000000e+02 1.052071574511526386e-01 5.895802874737693611e-05
1.584893192461113642e+02 1.060557852859841110e-01 7.015099770289295574e-05
2.511886431509579722e+02 1.056549726411526863e-01 7.248695832043987298e-05
3.981071705534976672e+02 1.044183262171310966e-01 5.698993053449030890e-05
6.309573444801933420e+02 1.027114206196936275e-01 7.767449019619818303e-05
1.000000000000000000e+03 1.008632755984557317e-01 5.899479998353278473e-05
1.584893192461115177e+03 9.901704954539382320e-02 5.362529985422339669e-05
2.511886431509580689e+03 9.731616886986363402e-02 5.733731143460267206e-05
3.981071705534969624e+03 9.576440891303758529e-02 5.483585406109677321e-05
6.309573444801933874e+03 9.442668035863263643e-02 4.971826187591358724e-05
