1.000000000000000000e+00 3.437162058000000492e-02 7.157803007532245786e-04 4.201483816574999456e-04 8.989070514396391197e-05
1.584893192461113598e+00 6.989149276999999383e-02 9.675315665765051032e-04 4.533583090150000087e-04 8.703664044576019804e-05
2.511886431509580131e+00 1.148022222999999925e-01 8.337572920871730991e-04 3.991046346925000059e-04 8.358995430458582277e-05
3.981071705534972249e+00 1.599503830249999481e-01 1.528092239415070660e-03 4.308067198299999094e-04 9.480112966129690638e-05
6.309573444801933384e+00 2.057113247750000373e-01 1.280645694179640163e-03 3.950626444649999814e-04 7.562572895493684024e-05
1.000000000000000000e+01 2.591235305749999829e-01 1.585380613544620006e-03 3.098271986474999658e-04 8.048586202697616710e-05
1.584893192461113287e+01 3.158526049250000023e-01 2.429636755868562828e-03 4.021104574325000923e-04 6.758464405510018140e-05
2.511886431509579509e+01 3.770645234499999665e-01 2.585957802125573267e-03 3.308773358550000441e-04 8.153907116588402404e-05
3.981071705534973404e+01 4.500278001500001013e-01 3.498844221699606242e-03 2.778192504324999913e-04 6.976092131346720428e-05
6.309573444801932851e+01 5.242986480750000400e-01 3.178563852910884415e-03 2.729091899122500415e-04 7.699891509933053731e-05
1.000000000000000000e+02 6.083256817750000156e-01 4.303648505672650650e-03 2.824513320225000121e-04 7.460704497948415271e-05
1.584893192461114211e+02 6.853792528250000071e-01 5.756072386651918914e-03 2.997327503652501149e-04 7.794622397198761911e-05
2.511886431509579722e+02 7.748548918249998918e-01 5.777427220258769466e-03 2.770508318947500657e-04 7.275313210368579159e-05
3.981071705534973262e+02 8.567241290250000585e-01 6.849987116841792407e-03 1.954572316957500517e-04 6.991540635106180510e-05
6.309573444801930009e+02 9.377061735999999703e-01 7.151750644707556559e-03 1.919505153777500018e-04 6.946407303556264852e-05
1.000000000000000000e+03 1.032493025949999810e+00 8.582279958650027366e-03 2.622911323702500149e-04 8.412978468152618389e-05
1.584893192461114040e+03 1.118823151249999981e+00 8.498115391562272719e-03 2.148996457027499798e-04 7.522481674499414300e-05
2.511886431509579779e+03 1.204434525999999561e+00 9.400141071604105336e-03 1.850667508152499855e-04 6.314095571747686017e-05
3.981071705534973262e+03 1.286001413499999968e+00 1.108442126395006201e-02 2.173834204399999832e-04 6.939699420570568842e-05
6.309573444801930236e+03 1.388406570750000402e+00 1.025116207861460904e-02 1.975900574369999639e-04 5.686511634423003847e-05
