1.000000000000000000e+00 3.322469503525461113e-03 5.380325375006874062e-05
1.584893192461114708e+00 3.726595125735272102e-03 5.825709537683142734e-05
2.511886431509580131e+00 4.008708233948284939e-03 4.968377827075890635e-05
3.981071705534970029e+00 4.106725583963749190e-03 6.187854788421779100e-05
6.309573444801936049e+00 4.092381205793126434e-03 6.789215794002774853e-05
1.000000000000000000e+01 4.048122954056420156e-03 5.107901244266442879e-05
1.584893192461113642e+01 3.903422943665134457e-03 4.848132076223521261e-05
2.511886431509581286e+01 3.873301717927701664e-03 4.533400225448998728e-05
3.981071705534971272e+01 3.793685825939045655e-03 3.942844125772353912e-05
6.309573444801934272e+01 3.758687157073440331e-03 4.882374812325585982e-05
1.000000000000000000e+02 3.603960312837131870e-03 5.684436933666751836e-05
1.584893192461113642e+02 3.576572215121255529e-03 3.790465444638594034e-05
2.511886431509579722e+02 3.508923167076370697e-03 5.289022176316368997e-05
3.981071705534976672e+02 3.429683015467391467e-03 3.615788020447897134e-05
6.309573444801933420e+02 3.377548545507635339e-03 3.781062479805874141e-05
1.000000000000000000e+03 3.382332830561305542e-03 4.326097055535198423e-05
1.584893192461115177e+03 3.314703423794242328e-03 4.601158545816217847e-05
2.511886431509580689e+03 3.299978656834220113e-03 4.623157174438557836e-05
3.981071705534969624e+03 3.265960925643751796e-03 4.695283680708471245e-05
6.309573444801933874e+03 3.259279707559933729e-03 3.736717703655611990e-05
