1.000000000000000000e+00 3.217387117210779215e-03 5.523455901799308979e-05
1.584893192461114708e+00 5.202236122719913931e-03 5.115440175871585973e-05
2.511886431509580131e+00 8.738931997262371770e-03 4.543178438987347407e-05
3.981071705534970029e+00 1.555121665609958403e-02 4.333830349716539170e-05
6.309573444801936049e+00 2.726494770218026997e-02 5.343869827881620387e-05
1.000000000000000000e+01 3.931849271815451158e-02 5.769377629714231645e-05
1.584893192461113642e+01 4.783336987060021750e-02 5.210067418381705557e-05
2.511886431509581286e+01 5.276215857108653567e-02 6.346221665532884642e-05
3.981071705534971272e+01 5.534053642269681772e-02 5.903910397617103827e-05
6.309573444801934272e+01 5.637118802147137592e-02 5.896559242028622352e-05
1.000000000000000000e+02 5.638183739212324769e-02 5.331395560089399044e-05
1.584893192461113642e+02 5.572757291115863765e-02 5.985175837044449292e-05
2.511886431509579722e+02 5.472949748990534047e-02 6.005552401454872620e-05
3.981071705534976672e+02 5.356158554539373895e-02 5.005206690688798337e-05
6.309573444801933420e+02 5.241160980194432828e-02 5.829681108869526346e-05
1.000000000000000000e+03 5.130463720700530889e-02 5.721415456853236244e-05
1.584893192461115177e+03 5.035127939954475718e-02 3.783088504088937329e-05
2.511886431509580689e+03 4.941339833544389909e-02 5.070548903939059725e-05
3.981071705534969624e+03 4.865126251037808769e-02 5.869761537794397968e-05
6.309573444801933874e+03 4.799991162844715470e-02 4.833851619649059180e-05
