1.000000000000000194e-01 5.570650930104493114e-04 2.529181062687340807e-04
2.000000000000000389e-01 1.076634837288472637e-03 3.442649276674860097e-04
3.000000000000000444e-01 1.317673182240432055e-03 2.255125741028807186e-04
4.000000000000000777e-01 1.676303849262051823e-03 2.881558355886076461e-04
5.000000000000000000e-01 1.752929929894373384e-03 4.999397348314704378e-04
6.000000000000000888e-01 2.166939682143831543e-03 4.174450653884201681e-04
7.000000000000000666e-01 2.465914275992580392e-03 2.043379745576141522e-04
8.000000000000001554e-01 2.401457496526771592e-03 1.594311148173718903e-04
9.000000000000000222e-01 2.354372538016247848e-03 5.872395759536153462e-04
1.000000000000000000e+00 2.675785649701823560e-03 6.478769795230634922e-04
