1.000000000000000056e-01 7.258052046538463267e-03 2.897436470114674273e-04 8.158408682115381603e-06 1.176192528037294205e-05
2.000000000000000111e-01 2.781073638974358372e-02 4.416749003255018955e-04 2.424877718764102794e-05 1.498771948025335351e-05
3.000000000000000444e-01 5.539994035769232189e-02 6.179155230205837877e-04 1.718503447179487351e-05 1.388420879902878158e-05
4.000000000000000222e-01 8.171207886923077812e-02 7.035554435426600878e-04 1.173464233706409753e-05 1.468509424464166652e-05
5.000000000000000000e-01 1.042112788012820035e-01 8.305292469579717484e-04 1.998739393714102228e-05 1.131486599701187040e-05
6.000000000000000888e-01 1.211839097948718413e-01 7.329112493275038911e-04 2.988375688782050394e-05 1.502269641694064522e-05
7.000000000000000666e-01 1.359338799230769557e-01 8.321663823630844059e-04 1.540342402678205821e-05 1.360983529698198800e-05
8.000000000000000444e-01 1.494531430769230618e-01 8.868382269688095598e-04 1.202401055692307465e-05 1.502550566994310564e-05
9.000000000000000222e-01 1.603977034102564425e-01 7.740106630669946457e-04 1.487151307939743331e-05 1.568485461224855044e-05
1.000000000000000000e+00 1.715340534487180268e-01 9.649688440674594487e-04 1.380914210987180085e-05 1.575956948040872145e-05
