1.000000000000000000e+00 1.725546780499999100e-01 1.495173165956546063e-03 8.923594917999999135e-06 2.261570263766513546e-05
1.584893192461113598e+00 2.196961868749999491e-01 1.815278321409337110e-03 2.127335072400000411e-05 1.547458040429532534e-05
2.511886431509580131e+00 2.721093566000000186e-01 1.594106356112536243e-03 4.572359542250000539e-06 1.845826379910671982e-05
3.981071705534972249e+00 3.291201607249999439e-01 2.122583268172980285e-03 9.119903120000001707e-06 1.896661139171229303e-05
6.309573444801933384e+00 3.981037422499998923e-01 3.066301954763981426e-03 2.115114391915000233e-05 2.013391103975983553e-05
1.000000000000000000e+01 4.690870074500000375e-01 3.148261965904387144e-03 3.399974463349999968e-05 1.928187329732474143e-05
1.584893192461113287e+01 5.471378849249999288e-01 3.887691961087324285e-03 1.747930984550000240e-05 1.890875533340798166e-05
2.511886431509579509e+01 6.229837179999999641e-01 4.860704236661007177e-03 3.927408154749999832e-06 1.712114761078052644e-05
3.981071705534973404e+01 7.058038640749998427e-01 4.820982453008641581e-03 1.867454046587499713e-05 1.565852688658501558e-05
6.309573444801932851e+01 7.942693518999998092e-01 4.635370822056681175e-03 7.140614959924999395e-06 1.435400099436929718e-05
1.000000000000000000e+02 8.814588154999997149e-01 6.779431361330276289e-03 1.044803002125000105e-05 1.767783926330759344e-05
1.584893192461114211e+02 9.595880022749998517e-01 6.855955114003414730e-03 1.345478689052500288e-05 1.725539119102983580e-05
2.511886431509579722e+02 1.054790021900000152e+00 8.022519808257157908e-03 7.872652544750000916e-06 1.644108021014407947e-05
3.981071705534973262e+02 1.139803686499999857e+00 9.711460050934244553e-03 1.137521688475000850e-06 1.486446293731712264e-05
6.309573444801930009e+02 1.233431798250000266e+00 9.820737406341872866e-03 1.659130697529999479e-05 1.629161894715786685e-05
1.000000000000000000e+03 1.319054166999999778e+00 8.373367473986920509e-03 7.084708335499998008e-06 1.473867878134947565e-05
1.584893192461114040e+03 1.421058071249999832e+00 9.796186164724851944e-03 -3.720298961500001985e-06 1.263774232395899677e-05
2.511886431509579779e+03 1.517667049500000198e+00 1.368149573125634032e-02 6.978671694499999114e-06 1.420575280447846679e-05
3.981071705534973262e+03 1.619151653499999899e+00 1.265261236173629601e-02 1.472461351742250027e-05 1.604212530004772859e-05
6.309573444801930236e+03 1.748725087499999775e+00 1.404530766705803721e-02 5.045230702249998578e-06 1.579200039625707017e-05
