1.000000000000000194e-01 4.388595535180604278e-04 1.160460578693775502e-04
2.000000000000000389e-01 6.681590128143462476e-04 1.598578300073885412e-04
3.000000000000000444e-01 1.061129909779484235e-03 4.471053607494456655e-04
4.000000000000000777e-01 9.624438448423457138e-04 4.693869010008093023e-04
5.000000000000000000e-01 1.415458296057136569e-03 4.288923391210425532e-04
6.000000000000000888e-01 1.243602029624522138e-03 3.051830972847429735e-04
7.000000000000000666e-01 1.499579305335144988e-03 7.344780966246792836e-04
8.000000000000001554e-01 1.342778657071334826e-03 1.565025075789750397e-04
9.000000000000000222e-01 1.462704934729476764e-03 4.131431124535279195e-04
1.000000000000000000e+00 1.538269032281655742e-03 1.804737813691238138e-04
