1.000000000000000056e-01 7.239937735897432509e-03 2.479005117977537624e-04 5.319464433987179315e-06 8.423238477314231237e-06
2.000000000000000111e-01 2.785201254487177855e-02 4.749700355854709994e-04 8.542225443653846120e-06 1.003499059564727752e-05
3.000000000000000444e-01 5.484513760897434531e-02 6.186069508428698868e-04 7.238672332820507524e-07 8.688608916230879017e-06
4.000000000000000222e-01 8.123984993846151970e-02 7.467791680430575915e-04 -7.607653420000045724e-08 8.126356669075758703e-06
5.000000000000000000e-01 1.037872451884615382e-01 8.479109454090861999e-04 3.617346401410257175e-06 8.092315565683633552e-06
6.000000000000000888e-01 1.213968058461538657e-01 8.689326121371646278e-04 1.422409263814102218e-05 8.569498967649389698e-06
7.000000000000000666e-01 1.359801293589743554e-01 8.268847611881379725e-04 4.337510680358972740e-06 8.241314913404462015e-06
8.000000000000000444e-01 1.493154809615384049e-01 8.915729520385167958e-04 7.795465394230766275e-06 8.720954027756298155e-06
9.000000000000000222e-01 1.612945094999999607e-01 9.541736641881768972e-04 1.294036695047436342e-05 9.046537061739841974e-06
1.000000000000000000e+00 1.711625594743589052e-01 8.992487872539901405e-04 5.620869310410256700e-06 8.468101379246956159e-06
